[506, 0.0013325448, 0, 154]
[259, 0.00133255, 0, 18]
[310, 0.0013325461, 0, 52]
[527, 0.0013325493, 0, 91]
[223, 0.78586745, 1, 159]
[264, 0.00133255, 0, 135]
[314, 0.00133255, 0, 111]
[476, 0.00133255, 0, 152]
[366, 0.00133255, 0, 30]
[470, 0.00133255, 0, 120]
[476, 0.00133255, 0, 161]
[294, 0.0013325493, 0, 91]
[539, 0.00133255, 0, 20]
[295, 0.00133255, 0, 181]
[252, 0.00133255, 0, 134]
[199, 0.78586745, 1, 6]
[326, 0.00133255, 0, 89]
[398, 0.00133255, 0, 11]
[395, 0.00133255, 0, 65]
[484, 0.00133255, 0, 186]
[395, 0.00133255, 0, 181]
[237, 0.00133255, 0, 22]
[419, 0.00133255, 0, 41]
[252, 0.0013323139, 0, 69]
[431, 0.001332541, 0, 104]
[265, 0.00133255, 0, 18]
[432, 0.00133255, 0, 4]
[455, 0.0013325487, 0, 2]
[338, 0.00133255, 0, 70]
[203, 0.7858674, 1, 174]
[382, 0.0013325487, 0, 2]
[513, 0.78586745, 1, 105]
[382, 0.00133255, 0, 84]
[252, 0.0013325423, 0, 76]
[345, 0.00133255, 0, 161]
[399, 0.00133255, 0, 93]
[474, 0.00133255, 0, 105]
[423, 0.00133255, 0, 64]
[306, 0.00133255, 0, 119]
[224, 0.7858672, 1, 27]
[528, 0.00133255, 0, 38]
[223, 0.78586745, 1, 62]
[421, 0.00133255, 0, 137]
[466, 0.00133255, 0, 41]
[319, 0.0013325487, 0, 177]
[482, 0.00133255, 0, 188]
[213, 0.78586745, 1, 51]
[312, 0.00133255, 0, 19]
[476, 0.0013325487, 0, 177]
[282, 0.00133255, 0, 120]
[316, 0.00133255, 0, 85]
[258, 0.00133255, 0, 44]
[338, 0.00133255, 0, 30]
[450, 0.00133255, 0, 0]
[401, 0.0013311616, 0, 109]
[465, 0.00133255, 0, 157]
[465, 0.0013325461, 0, 27]
[334, 0.0013325474, 0, 174]
[239, 0.00133255, 0, 49]
[329, 0.00133255, 0, 127]
[484, 0.00133255, 0, 154]
[401, 0.00133255, 0, 181]
[416, 0.00133255, 0, 137]
[434, 0.00133255, 0, 119]
[307, 0.00133255, 0, 64]
[407, 0.00133255, 0, 142]
[325, 0.00133255, 0, 95]
[416, 0.0013325423, 0, 118]
[226, 0.78586745, 1, 149]
[334, 0.00133255, 0, 8]
[391, 0.00133255, 0, 68]
[254, 0.00133255, 0, 79]
[399, 0.00133255, 0, 166]
[416, 0.00133255, 0, 142]
[329, 0.00133255, 0, 112]
[279, 0.00133255, 0, 122]
[225, 0.00133255, 0, 155]
[256, 0.00133255, 0, 59]
[336, 0.00133255, 0, 181]
[282, 0.0013324813, 0, 147]
[466, 0.00133255, 0, 169]
[220, 0.00133255, 0, 95]
[223, 0.7858549, 1, 67]
[439, 0.00133255, 0, 93]
[398, 0.0013325493, 0, 74]
[205, 0.00133255, 0, 0]
[528, 0.00133255, 0, 105]
[363, 0.00133255, 0, 100]
[308, 0.00133255, 0, 46]
[215, 0.78586745, 1, 100]
[484, 0.00133255, 0, 111]
[479, 0.00133255, 0, 46]
[356, 0.78586745, 1, 64]
[336, 0.00133255, 0, 113]
[286, 0.00133255, 0, 4]
[285, 0.001332409, 0, 136]
[218, 0.78586745, 1, 57]
[341, 0.00133255, 0, 42]
[500, 0.00133255, 0, 155]
[298, 0.0013325181, 0, 51]
[528, 0.00133255, 0, 73]
[456, 0.00133255, 0, 23]
[366, 0.00133255, 0, 72]
[440, 0.00133255, 0, 185]
[416, 0.00133255, 0, 33]
[424, 0.00133255, 0, 43]
[390, 0.00133255, 0, 66]
[267, 0.0013325423, 0, 118]
[196, 0.78586745, 1, 150]
[424, 0.0013325487, 0, 177]
[379, 0.00133255, 0, 179]
[440, 0.00133255, 0, 106]
[272, 0.00133255, 0, 130]
[464, 0.00133255, 0, 4]
[502, 0.00133255, 0, 157]
[356, 0.78586745, 1, 154]
[470, 0.00133255, 0, 157]
[270, 0.00133255, 0, 180]
[394, 0.00133255, 0, 85]
[456, 0.0013325487, 0, 182]
[356, 0.78586745, 1, 121]
[307, 0.0013325461, 0, 27]
[226, 0.78586745, 1, 38]
[431, 0.00133255, 0, 110]
[282, 0.00133255, 0, 89]
[252, 0.00133255, 0, 89]
[347, 0.0013323221, 0, 86]
[423, 0.00133255, 0, 1]
[478, 0.00133255, 0, 127]
[315, 0.00133255, 0, 41]
[453, 0.00133255, 0, 4]
[424, 0.00133255, 0, 73]
[470, 0.001332404, 0, 168]
[441, 0.00133255, 0, 45]
[201, 0.78586745, 1, 66]
[293, 0.00133255, 0, 120]
[496, 0.0013323221, 0, 86]
[199, 0.78586745, 1, 66]
[227, 0.78586745, 1, 123]
[349, 0.0013325511, 0, 77]
[521, 0.0013130927, 0, 53]
[482, 0.00133255, 0, 105]
[480, 0.0013323221, 0, 86]
[442, 0.00018706257, 0, 65]
[350, 0.00133255, 0, 105]
[431, 0.0013325487, 0, 182]
[252, 0.00133255, 0, 54]
[201, 0.78586745, 1, 15]
[452, 0.00133255, 0, 89]
[298, 0.0013325181, 0, 124]
[341, 0.00133255, 0, 171]
[297, 0.00133255, 0, 36]
[482, 0.00133255, 0, 16]
[477, 0.00133255, 0, 129]
[293, 0.00133255, 0, 135]
[387, 0.00133255, 0, 95]
[418, 0.00133255, 0, 95]
[363, 0.00133255, 0, 186]
[249, 0.00133255, 0, 36]
[390, 0.00133255, 0, 18]
[528, 0.00133255, 0, 150]
[440, 0.00133255, 0, 62]
[526, 0.00133255, 0, 95]
[287, 0.00133255, 0, 183]
[429, 0.00133255, 0, 89]
[288, 0.00133255, 0, 92]
[402, 0.00133255, 0, 112]
[383, 0.00133255, 0, 150]
[328, 0.00133255, 0, 38]
[430, 0.00133255, 0, 92]
[219, 0.78586745, 1, 130]
[257, 0.00133255, 0, 13]
[312, 0.00133255, 0, 72]
[274, 0.00133255, 0, 106]
[325, 0.0013325321, 0, 97]
[469, 0.0013325461, 0, 132]
[422, 0.00133255, 0, 187]
[463, 0.0013324813, 0, 147]
[399, 0.00133255, 0, 130]
[307, 0.00133255, 0, 94]
[332, 0.00133255, 0, 134]
[427, 0.00133255, 0, 63]
[309, 0.00133255, 0, 155]
[269, 0.0013325417, 0, 176]
[469, 0.001332548, 0, 80]
[209, 0.78586745, 1, 66]
[356, 0.78586745, 1, 93]
[421, 0.0013325391, 0, 75]
[535, 0.00133255, 0, 26]
[301, 0.00133255, 0, 113]
[351, 0.001332527, 0, 50]
[317, 0.00133255, 0, 156]
[424, 0.00133255, 0, 186]
[375, 0.78586745, 1, 135]
[224, 0.026392085, 0, 127]
[293, 0.00133255, 0, 51]
[214, 0.78586745, 1, 7]
[356, 0.78586745, 1, 94]
[202, 0.78586745, 1, 163]
[377, 0.00133255, 0, 82]
[461, 0.00133255, 0, 127]
[450, 0.00133255, 0, 17]
[384, 0.00133255, 0, 162]
[292, 0.0013324984, 0, 35]
[339, 0.001271028, 0, 135]
[271, 0.0013290655, 0, 58]
[310, 0.00133255, 0, 68]
[482, 0.00133255, 0, 172]
[331, 0.00133255, 0, 152]
[464, 0.001332548, 0, 80]
[295, 0.00133255, 0, 189]
[421, 0.00133255, 0, 8]
[263, 0.001332548, 0, 190]
[399, 0.00133255, 0, 6]
[371, 0.7858676, 1, 119]
[285, 0.001332548, 0, 153]
[203, 0.78586745, 1, 146]
[266, 0.00133255, 0, 159]
[464, 0.001332548, 0, 56]
[388, 0.00133255, 0, 156]
[427, 0.0013325487, 0, 2]
[393, 0.0013324813, 0, 147]
[264, 0.00133255, 0, 121]
[502, 0.00133255, 0, 172]
[388, 0.00133255, 0, 151]
[317, 0.00133255, 0, 170]
[482, 0.00133255, 0, 29]
[313, 0.00133255, 0, 11]
[308, 0.00133255, 0, 6]
[293, 0.00133255, 0, 137]
[351, 0.00133255, 0, 28]
[294, 0.00133255, 0, 146]
[316, 0.00133255, 0, 101]
[365, 0.0013311817, 0, 115]
[268, 0.00133255, 0, 151]
[421, 0.00133255, 0, 36]
[288, 0.00133255, 0, 39]
[461, 0.00133255, 0, 64]
[230, 0.00133255, 0, 116]
[224, 0.78586745, 1, 140]
[346, 0.00133255, 0, 0]
[287, 0.0013325423, 0, 118]
[390, 0.00133255, 0, 96]
[464, 0.00133255, 0, 124]
[475, 0.00133255, 0, 129]
[322, 0.00133255, 0, 48]
[352, 0.00133255, 0, 150]
[384, 0.00133255, 0, 161]
[468, 0.00133255, 0, 70]
[443, 0.00133255, 0, 79]
[533, 0.00133255, 0, 143]
[289, 0.0013325321, 0, 97]
[426, 0.00133255, 0, 107]
[308, 0.00133255, 0, 130]
[535, 0.00133255, 0, 106]
[341, 0.00133255, 0, 11]
[293, 0.00133255, 0, 70]
[242, 0.78586745, 1, 70]
[447, 0.00133255, 0, 53]
[198, 0.7771685, 1, 79]
[299, 0.00133255, 0, 49]
[241, 0.00133255, 0, 11]
[261, 0.00133255, 0, 187]
[344, 0.00133255, 0, 159]
[311, 0.00133255, 0, 161]
[309, 0.00133255, 0, 124]
[303, 0.0013311616, 0, 109]
[315, 0.0013324813, 0, 147]
[331, 0.00133255, 0, 31]
[215, 0.78586745, 1, 184]
[352, 0.00133255, 0, 103]
[423, 0.00133255, 0, 29]
[271, 0.00133255, 0, 144]
[331, 0.0013324813, 0, 147]
[282, 0.00133255, 0, 4]
[290, 0.00133255, 0, 167]
[428, 0.00133255, 0, 185]
[279, 0.00133255, 0, 1]
[385, 0.0013285637, 0, 86]
[381, 0.00133255, 0, 95]
[460, 0.00133255, 0, 54]
[436, 0.0013323139, 0, 69]
[465, 0.00133255, 0, 107]
[204, 0.78588414, 1, 82]
[221, 0.78586745, 1, 161]
[419, 0.00133255, 0, 171]
[342, 0.001332548, 0, 56]
[334, 0.00133255, 0, 36]
[395, 0.0013325461, 0, 132]
[452, 0.00133255, 0, 180]
[470, 0.001332548, 0, 80]
[289, 0.00133255, 0, 92]
[310, 0.0013290655, 0, 58]
[266, 0.00133255, 0, 187]
[484, 0.0013325461, 0, 52]
[442, 0.00018706257, 0, 138]
[271, 0.0013323221, 0, 86]
[407, 0.001332404, 0, 168]
[315, 0.00133255, 0, 125]
[266, 0.0013325487, 0, 133]
[307, 0.00133255, 0, 161]
[435, 0.00133255, 0, 144]
[434, 0.00133255, 0, 93]
[321, 0.00133255, 0, 99]
[458, 0.00133255, 0, 4]
[431, 0.0013325493, 0, 160]
[237, 0.00133255, 0, 187]
[399, 0.00133255, 0, 46]
[280, 0.00133255, 0, 125]
[507, 0.00133255, 0, 150]
[282, 0.00133255, 0, 71]
[433, 0.00133255, 0, 134]
[460, 0.001332548, 0, 153]
[215, 0.78586745, 1, 36]
[256, 0.00133255, 0, 85]
[421, 0.00133255, 0, 124]
[215, 0.026392085, 0, 87]
[384, 0.00133255, 0, 5]
[261, 0.00133255, 0, 49]
[330, 0.00133255, 0, 13]
[456, 0.0013311616, 0, 109]
[537, 0.00133255, 0, 30]
[423, 0.00133255, 0, 89]
[457, 0.0013325487, 0, 182]
[297, 0.00133255, 0, 171]
[252, 0.001332548, 0, 56]
[217, 0.78586376, 1, 147]
[215, 0.78586745, 1, 135]
[214, 0.78586745, 1, 158]
[301, 0.0013325232, 0, 83]
[459, 0.0013325461, 0, 27]
[235, 0.00133255, 0, 98]
[516, 0.00018702599, 0, 21]
[408, 0.00133255, 0, 178]
[315, 0.00133255, 0, 111]
[405, 0.00133255, 0, 123]
[441, 0.001332404, 0, 168]
[215, 0.78586745, 1, 29]
[344, 0.0013311616, 0, 109]
[237, 0.00133255, 0, 169]
[416, 0.00133255, 0, 172]
[363, 0.00133255, 0, 81]
[408, 0.00133255, 0, 24]
[288, 0.00133255, 0, 135]
[204, 0.7858838, 1, 25]
[407, 0.00133255, 0, 166]
[400, 0.001332548, 0, 153]
[319, 0.00133255, 0, 112]
[434, 0.001332409, 0, 136]
[309, 0.00133255, 0, 148]
[214, 0.78586745, 1, 24]
[337, 0.00133255, 0, 81]
[237, 0.00133255, 0, 119]
[274, 0.00133255, 0, 138]
[318, 0.0013325423, 0, 76]
[504, 0.00133255, 0, 42]
[341, 0.0013323221, 0, 86]
[429, 0.00133255, 0, 22]
[320, 0.00133255, 0, 31]
[435, 0.00133255, 0, 26]
[313, 0.00133255, 0, 165]
[283, 0.00133255, 0, 16]
[243, 0.7858674, 1, 153]
[203, 0.78586745, 1, 173]
[479, 0.00133255, 0, 148]
[443, 0.00133255, 0, 129]
[315, 0.00133255, 0, 46]
[326, 0.00133255, 0, 77]
[432, 0.00133255, 0, 171]
[292, 0.0013311817, 0, 115]
[477, 0.0013325493, 0, 128]
[269, 0.00133255, 0, 24]
[460, 0.00133255, 0, 116]
[252, 0.00133255, 0, 17]
[402, 0.0013325487, 0, 2]
[297, 0.0013325454, 0, 25]
[325, 0.00133255, 0, 113]
[258, 0.00133255, 0, 171]
[291, 0.00133255, 0, 142]
[316, 0.00133255, 0, 98]
[202, 0.7858673, 1, 25]
[435, 0.00133255, 0, 140]
[356, 0.7858549, 1, 67]
[352, 0.00133255, 0, 149]
[257, 0.0013325487, 0, 139]
[430, 0.00133255, 0, 183]
[264, 0.0013323132, 0, 67]
[307, 0.0013325487, 0, 133]
[429, 0.00133255, 0, 29]
[458, 0.00133255, 0, 53]
[540, 0.00133255, 0, 23]
[390, 0.00133255, 0, 29]
[429, 0.001332541, 0, 104]
[452, 0.0013311616, 0, 109]
[280, 0.0013325321, 0, 97]
[539, 0.00133255, 0, 48]
[399, 0.00133255, 0, 13]
[370, 0.0068534105, 0, 144]
[507, 0.00133255, 0, 178]
[336, 0.00133255, 0, 116]
[462, 0.00133255, 0, 66]
[373, 0.00133255, 0, 144]
[329, 0.00133255, 0, 48]
[387, 0.00133255, 0, 31]
[290, 0.00133255, 0, 191]
[286, 0.00133255, 0, 167]
[262, 0.0013325232, 0, 97]
[398, 0.00133255, 0, 65]
[496, 0.00133255, 0, 144]
[477, 0.00133255, 0, 164]
[328, 0.0013311817, 0, 115]
[404, 0.00133255, 0, 172]
[289, 0.00133255, 0, 121]
[421, 0.00133255, 0, 157]
[194, 0.78586745, 1, 53]
[444, 0.0013324046, 0, 168]
[194, 0.78575504, 1, 10]
[418, 0.0013325474, 0, 174]
[506, 0.0013325448, 0, 21]
[193, 0.0013325487, 0, 103]
[396, 0.00133255, 0, 92]
[285, 0.00133255, 0, 16]
[345, 0.00133255, 0, 162]
[473, 0.00133255, 0, 20]
[370, 0.0068534105, 0, 110]
[422, 0.00133255, 0, 131]
[312, 0.0013311616, 0, 109]
[230, 0.00133255, 0, 162]
[346, 0.00133255, 0, 125]
[292, 0.00133255, 0, 165]
[244, 0.00018702599, 0, 94]
[336, 0.00133255, 0, 38]
[410, 0.00133255, 0, 111]
[266, 0.00133255, 0, 157]
[483, 0.00133255, 0, 54]
[502, 0.00133255, 0, 73]
[533, 0.00133255, 0, 84]
[474, 0.0013325461, 0, 52]
[308, 0.00133255, 0, 68]
[526, 0.00133255, 0, 155]
[526, 0.00133255, 0, 43]
[270, 0.00133255, 0, 100]
[315, 0.00133255, 0, 15]
[468, 0.00133255, 0, 1]
[416, 0.00133255, 0, 150]
[238, 0.16382611, 1, 107]
[324, 0.0013311616, 0, 109]
[466, 0.0013325461, 0, 52]
[237, 0.00133255, 0, 94]
[462, 0.0013323221, 0, 86]
[386, 0.00133255, 0, 84]
[446, 0.00133255, 0, 14]
[382, 0.00133255, 0, 122]
[484, 0.00133255, 0, 51]
[356, 0.78586745, 1, 130]
[244, 0.00018702599, 0, 21]
[290, 0.00133255, 0, 21]
[220, 0.00133255, 0, 185]
[372, 0.00133255, 0, 22]
[285, 0.0013325454, 0, 25]
[336, 0.00133255, 0, 114]
[495, 0.0013325391, 0, 75]
[384, 0.00133255, 0, 138]
[321, 0.00133255, 0, 156]
[257, 0.00133255, 0, 122]
[288, 0.00133255, 0, 49]
[380, 0.0013257028, 0, 182]
[436, 0.00133255, 0, 116]
[340, 0.00133255, 0, 148]
[373, 0.00133255, 0, 107]
[424, 0.00133255, 0, 105]
[215, 0.78586745, 1, 140]
[221, 0.78586745, 1, 175]
[481, 0.0013303757, 0, 47]
[402, 0.00133255, 0, 157]
[432, 0.00133255, 0, 131]
[215, 0.78586745, 1, 158]
[422, 0.00133255, 0, 154]
[308, 0.00133255, 0, 144]
[474, 0.00133255, 0, 179]
[239, 0.00133255, 0, 172]
[470, 0.00133255, 0, 112]
[220, 0.00133255, 0, 106]
[286, 0.00133255, 0, 19]
[431, 0.00133255, 0, 186]
[468, 0.00133255, 0, 81]
[220, 0.00133255, 0, 54]
[329, 0.00133255, 0, 11]
[252, 0.00133255, 0, 152]
[470, 0.0013304398, 0, 10]
[400, 0.00133255, 0, 114]
[338, 0.00133255, 0, 68]
[274, 0.00133255, 0, 93]
[407, 0.00133255, 0, 110]
[456, 0.001332548, 0, 56]
[203, 0.7858675, 1, 128]
[370, 0.0068534105, 0, 146]
[347, 0.00133255, 0, 51]
[232, 0.00133255, 0, 178]
[342, 0.001332548, 0, 80]
[463, 0.00133255, 0, 113]
[446, 0.00133255, 0, 129]
[308, 0.00133255, 0, 55]
[328, 0.00133255, 0, 55]
[266, 0.00133255, 0, 149]
[265, 0.00133255, 0, 72]
[215, 0.78586745, 1, 65]
[421, 0.00133255, 0, 6]
[393, 0.0013325423, 0, 118]
[237, 0.00133255, 0, 149]
[382, 0.00133255, 0, 77]
[286, 0.0013325474, 0, 174]
[426, 0.00133255, 0, 173]
[372, 0.21366887, 1, 136]
[226, 0.7858673, 1, 25]
[399, 0.00133255, 0, 111]
[452, 0.00133255, 0, 124]
[362, 0.00133255, 0, 162]
[302, 0.0013323139, 0, 69]
[273, 0.001332404, 0, 168]
[466, 0.00133255, 0, 19]
[483, 0.00133255, 0, 183]
[345, 0.00133255, 0, 81]
[274, 0.00133255, 0, 173]
[203, 0.78586745, 1, 43]
[283, 0.00133255, 0, 9]
[391, 0.00133255, 0, 77]
[424, 0.00133255, 0, 110]
[492, 0.0068533486, 0, 144]
[293, 0.0013325487, 0, 133]
[331, 0.00133255, 0, 43]
[401, 0.0013325423, 0, 118]
[505, 0.0013325487, 0, 182]
[436, 0.00133255, 0, 94]
[302, 0.00133255, 0, 161]
[340, 0.0013323221, 0, 86]
[418, 0.00133255, 0, 102]
[212, 0.7858674, 1, 182]
[451, 0.00133255, 0, 157]
[405, 0.00133255, 0, 138]
[259, 0.00133255, 0, 189]
[287, 0.00133255, 0, 124]
[292, 0.00133255, 0, 84]
[349, 0.0013325511, 0, 9]
[443, 0.00133255, 0, 73]
[362, 0.00133255, 0, 51]
[408, 0.0013325461, 0, 27]
[458, 0.00133255, 0, 26]
[197, 0.78586745, 1, 84]
[363, 0.0013325461, 0, 132]
[427, 0.00133255, 0, 62]
[277, 0.00133255, 0, 111]
[334, 0.00133255, 0, 191]
[225, 0.00133255, 0, 126]
[265, 0.001332527, 0, 50]
[370, 0.0068534105, 0, 138]
[304, 0.00133255, 0, 178]
[379, 0.00133255, 0, 110]
[355, 0.78586745, 1, 124]
[264, 0.00133255, 0, 102]
[277, 0.00133255, 0, 60]
[459, 0.00133255, 0, 87]
[355, 0.78586745, 1, 34]
[326, 0.00133255, 0, 148]
[310, 0.00133255, 0, 11]
[399, 0.00133255, 0, 23]
[418, 0.00133255, 0, 130]
[350, 0.00133255, 0, 54]
[347, 0.0013325493, 0, 160]
[325, 0.00133255, 0, 159]
[288, 0.00133255, 0, 11]
[313, 0.00133255, 0, 124]
[466, 0.00133255, 0, 122]
[239, 0.00133255, 0, 38]
[317, 0.00133255, 0, 13]
[450, 0.00133255, 0, 90]
[453, 0.00133255, 0, 179]
[212, 0.78586745, 1, 88]
[365, 0.001332548, 0, 153]
[430, 0.00133255, 0, 154]
[446, 0.0013311817, 0, 115]
[435, 0.00133255, 0, 43]
[258, 0.00133255, 0, 8]
[398, 0.0013324984, 0, 35]
[321, 0.0013325391, 0, 75]
[256, 0.00133255, 0, 175]
[340, 0.00133255, 0, 143]
[477, 0.00133255, 0, 32]
[221, 0.78586745, 1, 1]
[319, 0.00133255, 0, 103]
[377, 0.00133255, 0, 31]
[390, 0.00133255, 0, 114]
[411, 0.001332548, 0, 153]
[453, 0.00133255, 0, 70]
[299, 0.0013325232, 0, 83]
[371, 0.7857947, 1, 115]
[316, 0.00133255, 0, 103]
[252, 0.00133255, 0, 98]
[396, 0.00133255, 0, 4]
[395, 0.00133255, 0, 107]
[431, 0.0013324813, 0, 147]
[332, 0.00133255, 0, 183]
[413, 0.78586745, 1, 7]
[384, 0.00133255, 0, 45]
[432, 0.00133255, 0, 180]
[381, 0.0013325487, 0, 133]
[438, 0.00133255, 0, 124]
[294, 0.00133255, 0, 94]
[524, 0.00133255, 0, 181]
[499, 0.00133255, 0, 172]
[299, 0.00133255, 0, 158]
[365, 0.00133255, 0, 20]
[326, 0.00133255, 0, 84]
[345, 0.00133255, 0, 123]
[453, 0.00133255, 0, 41]
[287, 0.00133255, 0, 77]
[363, 0.001332404, 0, 168]
[493, 0.00018703277, 0, 151]
[302, 0.00133255, 0, 170]
[365, 0.00133255, 0, 19]
[495, 0.00133255, 0, 12]
[223, 0.78586745, 1, 71]
[299, 0.00133255, 0, 57]
[272, 0.00133255, 0, 101]
[294, 0.00133255, 0, 171]
[227, 0.78586745, 1, 108]
[460, 0.00133255, 0, 0]
[261, 0.0013324813, 0, 147]
[391, 0.00133255, 0, 107]
[377, 0.0013325461, 0, 27]
[401, 0.00133255, 0, 78]
[395, 0.00133255, 0, 175]
[407, 0.00133255, 0, 161]
[450, 0.00133255, 0, 60]
[506, 0.0013325448, 0, 120]
[224, 0.026392085, 0, 20]
[265, 0.00133255, 0, 137]
[431, 0.00133255, 0, 149]
[242, 0.78586745, 1, 84]
[377, 0.00133255, 0, 144]
[279, 0.00133255, 0, 161]
[441, 0.00133255, 0, 8]
[420, 0.0013324535, 0, 65]
[435, 0.00133255, 0, 36]
[459, 0.001332548, 0, 56]
[209, 0.78586745, 1, 0]
[257, 0.00133255, 0, 151]
[291, 0.00133255, 0, 162]
[265, 0.00133255, 0, 28]
[312, 0.00133255, 0, 14]
[540, 0.0013325493, 0, 74]
[203, 0.78586745, 1, 133]
[384, 0.0013325487, 0, 177]
[476, 0.00133255, 0, 19]
[431, 0.00133255, 0, 134]
[455, 0.00133255, 0, 130]
[287, 0.00133255, 0, 87]
[264, 0.00133255, 0, 114]
[362, 0.00133255, 0, 100]
[201, 0.026392085, 0, 22]
[333, 0.0013305005, 0, 124]
[482, 0.00133255, 0, 39]
[263, 0.00133255, 0, 43]
[235, 0.21367636, 1, 108]
[257, 0.00133255, 0, 157]
[337, 0.00133255, 0, 143]
[312, 0.00133255, 0, 59]
[419, 0.00133255, 0, 53]
[352, 0.00133255, 0, 171]
[335, 0.00133255, 0, 30]
[539, 0.00133255, 0, 157]
[421, 0.00133255, 0, 155]
[228, 0.00133255, 0, 135]
[423, 0.00133255, 0, 151]
[472, 0.001332548, 0, 80]
[252, 0.00133255, 0, 187]
[408, 0.00133255, 0, 175]
[195, 0.00133255, 0, 95]
[312, 0.0013325487, 0, 182]
[456, 0.00133255, 0, 24]
[461, 0.0013306761, 0, 37]
[317, 0.00133255, 0, 66]
[400, 0.00133255, 0, 1]
[243, 0.026392072, 0, 128]
[231, 0.21270463, 1, 61]
[327, 0.00133255, 0, 156]
[311, 0.00133255, 0, 64]
[537, 0.001332548, 0, 56]
[320, 0.001332548, 0, 56]
[478, 0.00133255, 0, 6]
[506, 0.0013325448, 0, 181]
[399, 0.00133255, 0, 159]
[279, 0.00133255, 0, 185]
[341, 0.00133255, 0, 73]
[399, 0.00133255, 0, 45]
[299, 0.00133255, 0, 5]
[312, 0.00133255, 0, 51]
[237, 0.001332527, 0, 50]
[209, 0.78586745, 1, 138]
[371, 0.7858676, 1, 82]
[346, 0.00133255, 0, 96]
[232, 0.00133255, 0, 191]
[394, 0.00133255, 0, 92]
[256, 0.001332404, 0, 168]
[352, 0.00133255, 0, 130]
[424, 0.00133255, 0, 99]
[429, 0.00133255, 0, 8]
[411, 0.00133255, 0, 148]
[295, 0.00133255, 0, 81]
[383, 0.0013290655, 0, 58]
[287, 0.001332541, 0, 104]
[254, 0.00133255, 0, 151]
[410, 0.00133255, 0, 29]
[459, 0.00133255, 0, 95]
[363, 0.00133255, 0, 60]
[389, 0.00133255, 0, 70]
[273, 0.00133255, 0, 59]
[495, 0.00133255, 0, 151]
[272, 0.00133255, 0, 63]
[252, 0.00133255, 0, 84]
[238, 0.16382611, 1, 71]
[539, 0.001332548, 0, 80]
[343, 0.00133255, 0, 162]
[384, 0.00133255, 0, 152]
[489, 0.78586745, 1, 170]
[353, 0.00133255, 0, 169]
[472, 0.00133255, 0, 53]
[326, 0.00133255, 0, 125]
[381, 0.00133255, 0, 183]
[271, 0.00133255, 0, 116]
[524, 0.0013290655, 0, 58]
[397, 0.0013325098, 0, 100]
[457, 0.00133255, 0, 130]
[279, 0.00133255, 0, 73]
[542, 0.0013328012, 0, 20]
[196, 0.78586745, 1, 15]
[197, 0.78586745, 1, 55]
[226, 0.78586656, 1, 97]
[271, 0.001332527, 0, 50]
[446, 0.00133255, 0, 127]
[331, 0.00133255, 0, 165]
[277, 0.00133255, 0, 21]
[414, 0.0013316484, 0, 181]
[462, 0.00133255, 0, 55]
[336, 0.00133255, 0, 102]
[264, 0.00133255, 0, 169]
[430, 0.00133255, 0, 5]
[479, 0.00133255, 0, 151]
[483, 0.0013324813, 0, 147]
[285, 0.00133255, 0, 101]
[297, 0.00133255, 0, 59]
[534, 0.0011551436, 0, 138]
[481, 0.00133255, 0, 54]
[340, 0.00133255, 0, 16]
[401, 0.00133255, 0, 142]
[430, 0.00133255, 0, 172]
[436, 0.00133255, 0, 79]
[422, 0.00133255, 0, 98]
[391, 0.0013325474, 0, 174]
[384, 0.0013325487, 0, 2]
[459, 0.00133255, 0, 26]
[201, 0.78586704, 1, 176]
[311, 0.0013325474, 0, 174]
[452, 0.00133255, 0, 40]
[346, 0.00133255, 0, 112]
[273, 0.00133255, 0, 181]
[307, 0.00133255, 0, 6]
[465, 0.00133255, 0, 120]
[242, 0.78586745, 1, 98]
[412, 0.0013325423, 0, 118]
[294, 0.001332527, 0, 50]
[341, 0.00133255, 0, 130]
[228, 0.00133255, 0, 39]
[401, 0.00133255, 0, 18]
[411, 0.00133255, 0, 178]
[226, 0.78586745, 1, 34]
[226, 0.78586745, 1, 156]
[320, 0.001332409, 0, 136]
[431, 0.00133255, 0, 99]
[478, 0.0013323221, 0, 86]
[447, 0.00133255, 0, 120]
[465, 0.00133255, 0, 6]
[260, 0.0013325474, 0, 174]
[423, 0.00133255, 0, 135]
[229, 0.00018702599, 0, 112]
[507, 0.00133255, 0, 172]
[209, 0.78586745, 1, 156]
[431, 0.0013325232, 0, 83]
[418, 0.00133255, 0, 117]
[203, 0.78586745, 1, 181]
[452, 0.0013311817, 0, 115]
[462, 0.0013290655, 0, 58]
[415, 0.00133255, 0, 172]
[410, 0.00133255, 0, 122]
[203, 0.78586745, 1, 105]
[263, 0.00133255, 0, 70]
[382, 0.00133255, 0, 39]
[311, 0.00133255, 0, 55]
[209, 0.78586745, 1, 120]
[294, 0.00133255, 0, 171]
[331, 0.00133255, 0, 148]
[308, 0.00133255, 0, 127]
[261, 0.0013323139, 0, 69]
[308, 0.00133255, 0, 186]
[353, 0.00133255, 0, 81]
[311, 0.00133255, 0, 84]
[440, 0.00133255, 0, 53]
[238, 0.16382611, 1, 61]
[479, 0.00133255, 0, 33]
[209, 0.78586745, 1, 126]
[282, 0.00133255, 0, 40]
[427, 0.00133255, 0, 152]
[208, 0.0013323221, 0, 86]
[383, 0.00133255, 0, 43]
[412, 0.00133255, 0, 22]
[407, 0.00133255, 0, 187]
[372, 0.0013303757, 0, 47]
[473, 0.00133255, 0, 21]
[370, 0.0068534105, 0, 24]
[335, 0.00133255, 0, 20]
[327, 0.00133255, 0, 81]
[481, 0.00133255, 0, 49]
[396, 0.0013325474, 0, 174]
[431, 0.00133255, 0, 140]
[291, 0.00133255, 0, 34]
[456, 0.00133255, 0, 171]
[329, 0.00133255, 0, 30]
[273, 0.00133255, 0, 40]
[516, 0.00018702599, 0, 31]
[291, 0.0013325423, 0, 118]
[273, 0.00133255, 0, 32]
[481, 0.00133255, 0, 5]
[480, 0.00133255, 0, 20]
[201, 0.78586745, 1, 167]
[232, 0.00133255, 0, 163]
[513, 0.78586745, 1, 95]
[435, 0.00133255, 0, 30]
[391, 0.001332404, 0, 168]
[477, 0.0013325493, 0, 74]
[437, 0.00133255, 0, 68]
[390, 0.00133255, 0, 53]
[456, 0.0013325461, 0, 27]
[233, 0.78586745, 1, 82]
[351, 0.00133255, 0, 103]
[203, 0.7857516, 1, 47]
[440, 0.00133255, 0, 7]
[444, 0.00133255, 0, 138]
[321, 0.0013325487, 0, 177]
[243, 0.78586745, 1, 105]
[427, 0.00133255, 0, 127]
[274, 0.001332548, 0, 190]
[475, 0.0013290655, 0, 58]
[507, 0.001332548, 0, 80]
[441, 0.0013311616, 0, 109]
[229, 0.00018702599, 0, 51]
[395, 0.00133255, 0, 24]
[453, 0.00133255, 0, 161]
[239, 0.00133255, 0, 154]
[429, 0.00133255, 0, 30]
[475, 0.00133255, 0, 84]
[415, 0.00133255, 0, 169]
[527, 0.00133255, 0, 36]
[289, 0.00133255, 0, 61]
[435, 0.00133255, 0, 41]
[411, 0.00133255, 0, 169]
[390, 0.00133255, 0, 184]
[230, 0.00133255, 0, 135]
[481, 0.00133255, 0, 135]
[264, 0.00133255, 0, 151]
[496, 0.00133255, 0, 72]
[273, 0.00133255, 0, 171]
[312, 0.00133255, 0, 20]
[390, 0.001332548, 0, 153]
[264, 0.00133255, 0, 16]
[469, 0.00133255, 0, 45]
[436, 0.00133255, 0, 179]
[424, 0.0013323139, 0, 69]
[434, 0.00133255, 0, 112]
[432, 0.00133255, 0, 103]
[445, 0.00133255, 0, 188]
[476, 0.0013324984, 0, 35]
[448, 0.00133255, 0, 120]
[272, 0.00133255, 0, 59]
[342, 0.00133255, 0, 14]
[326, 0.00133255, 0, 152]
[230, 0.001332548, 0, 80]
[463, 0.001332527, 0, 50]
[507, 0.00133255, 0, 43]
[225, 0.0013324984, 0, 35]
[434, 0.0013325493, 0, 91]
[429, 0.0013324984, 0, 35]
[196, 0.78586745, 1, 81]
[245, 0.00133255, 0, 110]
[384, 0.00133255, 0, 61]
[436, 0.00133255, 0, 32]
[478, 0.00133255, 0, 68]
[495, 0.00133255, 0, 113]
[407, 0.00133255, 0, 9]
[400, 0.00133255, 0, 23]
[347, 0.00133255, 0, 18]
[466, 0.0013290655, 0, 58]
[338, 0.00133255, 0, 113]
[316, 0.00133255, 0, 129]
[283, 0.001332527, 0, 50]
[457, 0.0013325493, 0, 91]
[460, 0.00133255, 0, 96]
[396, 0.00133255, 0, 162]
[251, 0.00133255, 0, 101]
[408, 0.00133255, 0, 6]
[448, 0.0013325487, 0, 139]
[214, 0.78586745, 1, 49]
[264, 0.00133255, 0, 63]
[462, 0.001332548, 0, 56]
[363, 0.00133255, 0, 31]
[404, 0.00133255, 0, 28]
[214, 0.78586, 1, 136]
[355, 0.78586745, 1, 60]
[497, 0.00133255, 0, 90]
[311, 0.0013325487, 0, 182]
[257, 0.00133255, 0, 158]
[239, 0.00133255, 0, 26]
[393, 0.00133255, 0, 145]
[311, 0.00133255, 0, 31]
[247, 0.00018702456, 0, 104]
[416, 0.00133255, 0, 32]
[234, 0.78586745, 1, 38]
[270, 0.00133255, 0, 157]
[471, 0.0013324813, 0, 147]
[242, 0.78586745, 1, 123]
[395, 0.00133255, 0, 38]
[463, 0.0013311616, 0, 109]
[286, 0.00133255, 0, 22]
[489, 0.7858674, 1, 174]
[267, 0.00133255, 0, 116]
[450, 0.00133255, 0, 126]
[279, 0.00133255, 0, 189]
[221, 0.7858669, 1, 75]
[387, 0.00133255, 0, 184]
[495, 0.00133255, 0, 78]
[463, 0.0013325487, 0, 133]
[292, 0.00133255, 0, 191]
[382, 0.00133255, 0, 154]
[248, 0.0013325423, 0, 76]
[211, 0.5768431, 1, 9]
[330, 0.00133255, 0, 77]
[363, 0.00133255, 0, 90]
[351, 0.00133255, 0, 46]
[196, 0.7858672, 1, 27]
[450, 0.00133255, 0, 9]
[299, 0.00133255, 0, 31]
[266, 0.00133255, 0, 18]
[390, 0.00133255, 0, 124]
[327, 0.00133255, 0, 135]
[343, 0.00133255, 0, 12]
[310, 0.00133255, 0, 30]
[495, 0.00133255, 0, 149]
[294, 0.00133255, 0, 144]
[312, 0.001332409, 0, 136]
[461, 0.001332527, 0, 50]
[419, 0.00133255, 0, 152]
[334, 0.00133255, 0, 19]
[293, 0.00133255, 0, 98]
[475, 0.00133255, 0, 20]
[320, 0.00133255, 0, 113]
[202, 0.7858674, 1, 174]
[319, 0.00133255, 0, 11]
[312, 0.0013325487, 0, 133]
[286, 0.00133255, 0, 96]
[261, 0.0013325493, 0, 91]
[363, 0.001332527, 0, 50]
[203, 0.78586745, 1, 126]
[428, 0.00133255, 0, 14]
[214, 0.78586745, 1, 179]
[451, 0.00133255, 0, 185]
[396, 0.00133255, 0, 36]
[261, 0.00133255, 0, 32]
[285, 0.0013325423, 0, 118]
[203, 0.78586745, 1, 179]
[336, 0.001332527, 0, 50]
[384, 0.00133255, 0, 181]
[472, 0.00133255, 0, 134]
[248, 0.00133255, 0, 116]
[263, 0.00133255, 0, 24]
[316, 0.0013306761, 0, 37]
[274, 0.00133255, 0, 183]
[341, 0.00133255, 0, 36]
[406, 0.00133255, 0, 30]
[526, 0.00133255, 0, 96]
[336, 0.00133255, 0, 134]
[413, 0.78586745, 1, 130]
[528, 0.00133255, 0, 163]
[404, 0.00133255, 0, 31]
[382, 0.00133255, 0, 101]
[401, 0.00133255, 0, 156]
[309, 0.00133255, 0, 152]
[266, 0.00133255, 0, 81]
[299, 0.00133255, 0, 33]
[340, 0.0013306761, 0, 37]
[528, 0.001332527, 0, 50]
[404, 0.0013304398, 0, 10]
[463, 0.00133255, 0, 191]
[400, 0.00133255, 0, 155]
[526, 0.00133255, 0, 0]
[306, 0.00133255, 0, 185]
[483, 0.00133255, 0, 29]
[430, 0.00133255, 0, 181]
[455, 0.0013325487, 0, 133]
[422, 0.00133255, 0, 46]
[433, 0.00133255, 0, 72]
[209, 0.78586745, 1, 81]
[391, 0.0013323139, 0, 69]
[448, 0.00133255, 0, 162]
[273, 0.00133255, 0, 16]
[285, 0.00133255, 0, 108]
[384, 0.00133255, 0, 85]
[469, 0.001332404, 0, 168]
[286, 0.00133255, 0, 9]
[319, 0.00133255, 0, 164]
[427, 0.00133255, 0, 110]
[470, 0.00133255, 0, 49]
[537, 0.00133255, 0, 32]
[273, 0.00133255, 0, 39]
[396, 0.00133255, 0, 123]
[475, 0.0013325487, 0, 133]
[431, 0.001332548, 0, 80]
[383, 0.00133255, 0, 19]
[422, 0.0013306761, 0, 37]
[449, 0.00133255, 0, 31]
[272, 0.00133255, 0, 9]
[315, 0.0013325461, 0, 132]
[496, 0.00133255, 0, 54]
[336, 0.00133255, 0, 40]
[297, 0.00133255, 0, 9]
[282, 0.00133255, 0, 181]
[279, 0.00133255, 0, 171]
[423, 0.00133255, 0, 78]
[232, 0.00133255, 0, 101]
[424, 0.00133255, 0, 81]
[307, 0.00133255, 0, 119]
[427, 0.00133255, 0, 70]
[217, 0.78586745, 1, 6]
[398, 0.00133255, 0, 60]
[226, 0.78586745, 1, 16]
[261, 0.00133255, 0, 110]
[286, 0.00133255, 0, 187]
[280, 0.00133255, 0, 178]
[537, 0.00133255, 0, 73]
[419, 0.00133255, 0, 111]
[297, 0.0013325493, 0, 160]
[288, 0.0013325493, 0, 160]
[264, 0.00133255, 0, 39]
[272, 0.00133255, 0, 187]
[253, 0.00133255, 0, 107]
[329, 0.00133255, 0, 152]
[351, 0.0013304398, 0, 10]
[297, 0.00133255, 0, 96]
[349, 0.0013325511, 0, 64]
[282, 0.00133255, 0, 5]
[313, 0.00133255, 0, 189]
[311, 0.00133255, 0, 148]
[478, 0.0013324813, 0, 147]
[484, 0.00133255, 0, 77]
[463, 0.00133255, 0, 53]
[443, 0.0013324813, 0, 147]
[302, 0.0013324984, 0, 35]
[320, 0.00133255, 0, 94]
[331, 0.00133255, 0, 19]
[411, 0.00133255, 0, 165]
[288, 0.00133255, 0, 46]
[435, 0.00133255, 0, 170]
[419, 0.00133255, 0, 92]
[362, 0.21367636, 1, 71]
[470, 0.00133255, 0, 38]
[348, 0.0013325454, 0, 148]
[411, 0.00133255, 0, 181]
[243, 0.78586745, 1, 66]
[428, 0.00133255, 0, 188]
[199, 0.78586745, 1, 45]
[459, 0.0013325493, 0, 74]
[423, 0.0013325487, 0, 2]
[424, 0.0013325423, 0, 76]
[310, 0.00133255, 0, 114]
[434, 0.00133255, 0, 127]
[395, 0.0013323221, 0, 86]
[254, 0.00133255, 0, 66]
[380, 0.0013257002, 0, 27]
[501, 0.00133255, 0, 164]
[215, 0.78586745, 1, 126]
[479, 0.00133255, 0, 42]
[344, 0.00133255, 0, 148]
[443, 0.001332527, 0, 50]
[274, 0.00133255, 0, 121]
[347, 0.00133255, 0, 31]
[398, 0.00133255, 0, 28]
[294, 0.001332548, 0, 190]
[324, 0.00133255, 0, 87]
[395, 0.00133255, 0, 125]
[259, 0.00133255, 0, 90]
[340, 0.00133255, 0, 165]
[365, 0.00133255, 0, 114]
[258, 0.00133255, 0, 123]
[225, 0.00133255, 0, 180]
[434, 0.00133255, 0, 129]
[523, 0.00133255, 0, 79]
[264, 0.00133255, 0, 7]
[292, 0.00133255, 0, 159]
[512, 0.00133255, 0, 126]
[256, 0.00133255, 0, 30]
[293, 0.00133255, 0, 169]
[345, 0.00133255, 0, 90]
[379, 0.00133255, 0, 82]
[487, 0.78555995, 1, 182]
[280, 0.00133255, 0, 183]
[399, 0.00133255, 0, 32]
[482, 0.0013290655, 0, 58]
[410, 0.00133255, 0, 84]
[332, 0.00133255, 0, 17]
[499, 0.0013325493, 0, 128]
[371, 0.7858675, 1, 182]
[467, 0.00133255, 0, 102]
[499, 0.0013325423, 0, 76]
[226, 0.78586745, 1, 45]
[312, 0.0013311616, 0, 109]
[481, 0.00133255, 0, 13]
[486, 0.00018706292, 0, 147]
[393, 0.0013325461, 0, 132]
[312, 0.00133255, 0, 188]
[287, 0.00133255, 0, 38]
[261, 0.00133255, 0, 119]
[293, 0.00133255, 0, 140]
[277, 0.00133255, 0, 42]
[448, 0.00133255, 0, 148]
[400, 0.00133255, 0, 40]
[331, 0.0013325232, 0, 83]
[436, 0.00133255, 0, 143]
[500, 0.21367636, 1, 79]
[424, 0.00133255, 0, 33]
[428, 0.0013306761, 0, 37]
[252, 0.00133255, 0, 93]
[401, 0.00133255, 0, 19]
[237, 0.00133255, 0, 101]
[341, 0.0013325487, 0, 133]
[214, 0.78586745, 1, 186]
[398, 0.00133255, 0, 164]
[526, 0.0013324984, 0, 35]
[533, 0.0013325321, 0, 97]
[467, 0.00133255, 0, 22]
[332, 0.0013311817, 0, 115]
[365, 0.00133255, 0, 159]
[363, 0.00133255, 0, 121]
[245, 0.00133255, 0, 150]
[391, 0.00133255, 0, 23]
[351, 0.00133255, 0, 12]
[321, 0.00133255, 0, 32]
[297, 0.00133255, 0, 125]
[401, 0.0013325321, 0, 97]
[352, 0.00133255, 0, 70]
[312, 0.00133255, 0, 173]
[436, 0.00133255, 0, 125]
[437, 0.00133255, 0, 21]
[434, 0.0013325321, 0, 97]
[214, 0.78586745, 1, 95]
[252, 0.00133255, 0, 70]
[197, 0.78586745, 1, 85]
[533, 0.00133255, 0, 68]
[446, 0.00133255, 0, 5]
[266, 0.00133255, 0, 183]
[202, 0.78586745, 1, 77]
[458, 0.00133255, 0, 172]
[319, 0.00133255, 0, 96]
[421, 0.00133255, 0, 151]
[299, 0.00133255, 0, 124]
[391, 0.0013325461, 0, 132]
[271, 0.00133255, 0, 114]
[415, 0.0013325461, 0, 132]
[322, 0.00133255, 0, 150]
[269, 0.00133255, 0, 95]
[381, 0.00133255, 0, 36]
[223, 0.78586745, 1, 131]
[303, 0.00133255, 0, 171]
[242, 0.78586745, 1, 173]
[510, 0.0013323253, 0, 86]
[242, 0.78586745, 1, 7]
[274, 0.00133255, 0, 119]
[315, 0.0013325487, 0, 182]
[458, 0.00133255, 0, 45]
[407, 0.00133255, 0, 4]
[239, 0.0013325487, 0, 177]
[436, 0.00133255, 0, 12]
[459, 0.001332527, 0, 50]
[277, 0.00133255, 0, 155]
[252, 0.00133255, 0, 130]
[457, 0.0013303757, 0, 47]
[342, 0.00133255, 0, 101]
[243, 0.026392085, 0, 39]
[427, 0.001332548, 0, 80]
[337, 0.00133255, 0, 175]
[277, 0.00133255, 0, 129]
[288, 0.00133255, 0, 95]
[419, 0.00133255, 0, 6]
[254, 0.00133255, 0, 120]
[423, 0.0013311616, 0, 109]
[404, 0.0013324984, 0, 35]
[504, 0.00133255, 0, 138]
[351, 0.00133255, 0, 36]
[423, 0.001332548, 0, 153]
[440, 0.00133255, 0, 171]
[401, 0.0013325454, 0, 25]
[321, 0.00133255, 0, 41]
[401, 0.00133255, 0, 107]
[303, 0.00133255, 0, 0]
[265, 0.00133255, 0, 22]
[203, 0.78586745, 1, 163]
[469, 0.0013324813, 0, 147]
[338, 0.00133255, 0, 183]
[395, 0.00133255, 0, 114]
[261, 0.00133255, 0, 5]
[477, 0.00133255, 0, 94]
[527, 0.00133255, 0, 135]
[450, 0.001332409, 0, 136]
[303, 0.00133255, 0, 23]
[258, 0.00133255, 0, 78]
[341, 0.00133255, 0, 161]
[411, 0.00133255, 0, 28]
[351, 0.00133255, 0, 70]
[319, 0.00133255, 0, 48]
[467, 0.00133255, 0, 184]
[381, 0.00133255, 0, 77]
[277, 0.00133255, 0, 159]
[507, 0.00133255, 0, 189]
[528, 0.00133255, 0, 49]
[396, 0.0013325232, 0, 83]
[321, 0.00133255, 0, 131]
[338, 0.00133255, 0, 22]
[471, 0.00133255, 0, 96]
[254, 0.00133255, 0, 145]
[446, 0.0013323132, 0, 67]
[421, 0.00133255, 0, 138]
[436, 0.00133255, 0, 172]
[254, 0.001332541, 0, 104]
[299, 0.0013325493, 0, 74]
[476, 0.00133255, 0, 107]
[331, 0.001332548, 0, 56]
[494, 0.21730043, 1, 43]
[269, 0.00133255, 0, 6]
[496, 0.00133255, 0, 155]
[365, 0.001332404, 0, 168]
[462, 0.00133255, 0, 44]
[394, 0.0013303757, 0, 47]
[354, 0.00133255, 0, 121]
[400, 0.00133255, 0, 13]
[335, 0.00133255, 0, 127]
[446, 0.0013325423, 0, 118]
[394, 0.00133255, 0, 30]
[513, 0.78586745, 1, 85]
[347, 0.00133255, 0, 54]
[294, 0.00133255, 0, 178]
[326, 0.00133255, 0, 81]
[452, 0.21367636, 1, 3]
[448, 0.00133255, 0, 24]
[460, 0.00133255, 0, 154]
[450, 0.00133255, 0, 123]
[422, 0.00133255, 0, 127]
[340, 0.00133255, 0, 107]
[206, 0.00018702599, 0, 150]
[269, 0.001332527, 0, 50]
[242, 0.78586745, 1, 102]
[348, 0.0013325454, 0, 155]
[533, 0.00133255, 0, 140]
[294, 0.00133255, 0, 125]
[387, 0.0013325493, 0, 160]
[264, 0.00133255, 0, 29]
[349, 0.0013325511, 0, 159]
[528, 0.00133255, 0, 125]
[274, 0.00133255, 0, 73]
[479, 0.00133255, 0, 77]
[289, 0.0013323139, 0, 69]
[455, 0.00133255, 0, 48]
[316, 0.0013325461, 0, 132]
[474, 0.00133255, 0, 100]
[275, 0.00133255, 0, 81]
[289, 0.00133255, 0, 101]
[291, 0.00133255, 0, 134]
[383, 0.00133255, 0, 161]
[226, 0.7857946, 1, 115]
[533, 0.00133255, 0, 29]
[499, 0.0013311616, 0, 109]
[404, 0.0013311616, 0, 109]
[483, 0.00133255, 0, 72]
[416, 0.00133255, 0, 129]
[539, 0.00133255, 0, 73]
[192, 0.78586745, 1, 11]
[429, 0.00133255, 0, 122]
[237, 0.00133255, 0, 12]
[467, 0.001332548, 0, 56]
[391, 0.00133255, 0, 36]
[362, 0.00133255, 0, 148]
[458, 0.00133255, 0, 8]
[466, 0.00133255, 0, 183]
[321, 0.00133255, 0, 169]
[440, 0.00133255, 0, 22]
[499, 0.0013325487, 0, 139]
[427, 0.00133255, 0, 165]
[306, 0.00133255, 0, 169]
[455, 0.00133255, 0, 44]
[301, 0.00133255, 0, 39]
[406, 0.00133255, 0, 77]
[315, 0.0013325493, 0, 91]
[424, 0.00133255, 0, 34]
[433, 0.00133255, 0, 169]
[274, 0.00133255, 0, 98]
[425, 0.0013323132, 0, 67]
[399, 0.00133255, 0, 187]
[459, 0.00133255, 0, 88]
[335, 0.00133255, 0, 64]
[452, 0.00133255, 0, 113]
[499, 0.00133255, 0, 186]
[456, 0.00133255, 0, 70]
[311, 0.00133255, 0, 23]
[526, 0.00133255, 0, 73]
[537, 0.00133255, 0, 70]
[528, 0.00133255, 0, 165]
[237, 0.00133255, 0, 141]
[392, 0.00133255, 0, 22]
[213, 0.78586745, 1, 1]
[519, 0.0012716091, 0, 146]
[252, 0.00133255, 0, 5]
[455, 0.00133255, 0, 72]
[342, 0.00133255, 0, 12]
[403, 0.0013323209, 0, 86]
[468, 0.00133255, 0, 77]
[399, 0.00133255, 0, 21]
[437, 0.00133255, 0, 158]
[519, 0.001270303, 0, 115]
[265, 0.00133255, 0, 129]
[269, 0.00133255, 0, 155]
[242, 0.7858549, 1, 67]
[256, 0.00133255, 0, 142]
[277, 0.00133255, 0, 49]
[527, 0.00133255, 0, 65]
[257, 0.0013325487, 0, 182]
[319, 0.001332548, 0, 80]
[342, 0.00133255, 0, 124]
[353, 0.001332527, 0, 50]
[383, 0.00133255, 0, 0]
[325, 0.00133255, 0, 55]
[387, 0.00133255, 0, 161]
[530, 0.00133255, 0, 106]
[306, 0.00133255, 0, 116]
[299, 0.00133255, 0, 88]
[312, 0.001332527, 0, 50]
[437, 0.00133255, 0, 94]
[462, 0.00133255, 0, 54]
[308, 0.00133255, 0, 23]
[286, 0.001332409, 0, 136]
[320, 0.00133255, 0, 162]
[418, 0.00133255, 0, 15]
[202, 0.7857677, 1, 37]
[272, 0.00133255, 0, 41]
[220, 0.00133255, 0, 73]
[215, 0.78586745, 1, 13]
[203, 0.7858674, 1, 190]
[287, 0.00133255, 0, 53]
[239, 0.21367636, 1, 51]
[312, 0.00133255, 0, 100]
[325, 0.00133255, 0, 44]
[333, 0.0013305005, 0, 183]
[332, 0.00133255, 0, 120]
[450, 0.00133255, 0, 96]
[256, 0.00133255, 0, 19]
[434, 0.00133255, 0, 59]
[261, 0.001332541, 0, 104]
[259, 0.00133255, 0, 22]
[375, 0.78586745, 1, 54]
[356, 0.78586745, 1, 32]
[433, 0.00133255, 0, 112]
[271, 0.00133255, 0, 186]
[203, 0.78586745, 1, 78]
[450, 0.00133255, 0, 185]
[416, 0.00133255, 0, 187]
[197, 0.78586745, 1, 186]
[312, 0.00133255, 0, 65]
[303, 0.00133255, 0, 157]
[427, 0.00133255, 0, 138]
[204, 0.78588414, 1, 61]
[466, 0.00133255, 0, 14]
[401, 0.001332409, 0, 136]
[426, 0.00133255, 0, 159]
[499, 0.00133255, 0, 72]
[297, 0.0013325232, 0, 83]
[289, 0.00133255, 0, 17]
[479, 0.00133255, 0, 169]
[265, 0.00133255, 0, 53]
[199, 0.7858675, 1, 4]
[373, 0.00133255, 0, 121]
[239, 0.00133255, 0, 181]
[397, 0.0013304005, 0, 10]
[483, 0.00133255, 0, 119]
[424, 0.00133255, 0, 167]
[440, 0.00133255, 0, 55]
[242, 0.78586745, 1, 185]
[258, 0.0013325487, 0, 133]
[422, 0.00133255, 0, 53]
[235, 0.00133255, 0, 157]
[322, 0.00133255, 0, 159]
[540, 0.00133255, 0, 14]
[428, 0.00133255, 0, 68]
[194, 0.78586745, 1, 79]
[317, 0.0013325493, 0, 91]
[254, 0.0013325391, 0, 75]
[308, 0.00133255, 0, 22]
[528, 0.0013324984, 0, 35]
[268, 0.0013325487, 0, 182]
[465, 0.001332548, 0, 80]
[299, 0.00133255, 0, 79]
[340, 0.00133255, 0, 32]
[478, 0.001332548, 0, 56]
[224, 0.026389275, 0, 168]
[408, 0.00133255, 0, 93]
[499, 0.00133255, 0, 187]
[309, 0.0013325487, 0, 177]
[436, 0.0013323221, 0, 86]
[475, 0.00133255, 0, 107]
[453, 0.00133255, 0, 112]
[329, 0.00133255, 0, 41]
[309, 0.00133255, 0, 29]
[283, 0.00133255, 0, 148]
[254, 0.00133255, 0, 30]
[436, 0.0013323132, 0, 67]
[340, 0.00133255, 0, 167]
[481, 0.00133255, 0, 165]
[411, 0.00133255, 0, 21]
[316, 0.00133255, 0, 44]
[351, 0.00133255, 0, 13]
[322, 0.00133255, 0, 125]
[306, 0.00133255, 0, 11]
[242, 0.78586, 1, 136]
[460, 0.00133255, 0, 152]
[481, 0.00133255, 0, 87]
[226, 0.78586745, 1, 39]
[347, 0.00133255, 0, 180]
[396, 0.00133255, 0, 179]
[202, 0.78586745, 1, 63]
[323, 0.00133255, 0, 163]
[459, 0.00133255, 0, 163]
[244, 0.00018702599, 0, 11]
[416, 0.00133255, 0, 60]
[395, 0.00133255, 0, 65]
[266, 0.00133255, 0, 16]
[420, 0.0013324535, 0, 60]
[330, 0.00133255, 0, 44]
[399, 0.00133255, 0, 98]
[266, 0.00133255, 0, 113]
[428, 0.0013325493, 0, 91]
[408, 0.00133255, 0, 157]
[421, 0.00133255, 0, 131]
[307, 0.0013324984, 0, 35]
[528, 0.0013303757, 0, 47]
[301, 0.00133255, 0, 103]
[340, 0.00133255, 0, 129]
[430, 0.00133255, 0, 54]
[492, 0.0068533486, 0, 106]
[254, 0.00133255, 0, 165]
[202, 0.78586745, 1, 73]
[215, 0.78586745, 1, 114]
[265, 0.001332409, 0, 136]
[326, 0.00133255, 0, 5]
[294, 0.00133255, 0, 38]
[196, 0.78586745, 1, 110]
[299, 0.00133255, 0, 87]
[332, 0.00133255, 0, 54]
[456, 0.00133255, 0, 95]
[261, 0.00133255, 0, 116]
[501, 0.00133255, 0, 101]
[404, 0.00133255, 0, 131]
[258, 0.0013325487, 0, 139]
[418, 0.00133255, 0, 112]
[534, 0.0011551436, 0, 152]
[473, 0.0013306761, 0, 37]
[331, 0.0013325423, 0, 118]
[312, 0.00133255, 0, 88]
[441, 0.00133255, 0, 141]
[214, 0.78586745, 1, 60]
[532, 0.00021973223, 0, 8]
[470, 0.0013311817, 0, 115]
[385, 0.0013287909, 0, 140]
[259, 0.00133255, 0, 62]
[306, 0.00133255, 0, 48]
[287, 0.00133255, 0, 135]
[446, 0.00133255, 0, 101]
[286, 0.0013325461, 0, 27]
[313, 0.0013324984, 0, 35]
[453, 0.00133255, 0, 95]
[352, 0.00133255, 0, 125]
[274, 0.0013311817, 0, 115]
[285, 0.00133255, 0, 95]
[455, 0.00133255, 0, 185]
[527, 0.00133255, 0, 171]
[221, 0.78568166, 1, 58]
[194, 0.78586745, 1, 122]
[400, 0.0013325493, 0, 91]
[362, 0.00133255, 0, 180]
[455, 0.00133255, 0, 172]
[261, 0.00133255, 0, 186]
[423, 0.00133255, 0, 111]
[285, 0.00133255, 0, 184]
[297, 0.00133255, 0, 141]
[325, 0.00133255, 0, 134]
[496, 0.00133255, 0, 43]
[422, 0.0013325487, 0, 133]
[338, 0.00133255, 0, 51]
[261, 0.00133255, 0, 149]
[341, 0.00133255, 0, 120]
[458, 0.00133255, 0, 98]
[535, 0.00133255, 0, 180]
[427, 0.00133255, 0, 119]
[242, 0.78586745, 1, 82]
[482, 0.00133255, 0, 72]
[471, 0.0013323221, 0, 86]
[278, 0.16192426, 1, 73]
[325, 0.00133255, 0, 36]
[352, 0.00133255, 0, 48]
[456, 0.00133255, 0, 170]
[230, 0.00133255, 0, 14]
[468, 0.00133255, 0, 134]
[500, 0.00133255, 0, 159]
[252, 0.00133255, 0, 102]
[196, 0.78586745, 1, 22]
[481, 0.0013325493, 0, 128]
[495, 0.00133255, 0, 158]
[416, 0.00133255, 0, 173]
[499, 0.00133255, 0, 156]
[347, 0.0013325493, 0, 91]
[425, 0.00133255, 0, 155]
[226, 0.78586745, 1, 8]
[272, 0.0013325417, 0, 176]
[381, 0.0013325417, 0, 176]
[530, 0.00133255, 0, 191]
[215, 0.78586745, 1, 2]
[313, 0.00133255, 0, 73]
[469, 0.00133255, 0, 96]
[273, 0.00133255, 0, 162]
[351, 0.001332409, 0, 136]
[363, 0.00133255, 0, 148]
[477, 0.00133255, 0, 169]
[288, 0.00133255, 0, 121]
[478, 0.00133255, 0, 65]
[389, 0.00133255, 0, 54]
[472, 0.00133255, 0, 72]
[236, 0.05001067, 1, 78]
[287, 0.00133255, 0, 23]
[519, 0.0012716091, 0, 138]
[517, 0.00018702599, 0, 179]
[373, 0.0013325423, 0, 76]
[287, 0.001332548, 0, 190]
[294, 0.0013325232, 0, 83]
[464, 0.00133255, 0, 96]
[264, 0.0013325493, 0, 74]
[505, 0.0013323132, 0, 67]
[288, 0.00133255, 0, 59]
[506, 0.0013325448, 0, 65]
[461, 0.00133255, 0, 155]
[321, 0.0013325461, 0, 52]
[386, 0.00133255, 0, 155]
[334, 0.001332541, 0, 104]
[457, 0.00133255, 0, 24]
[447, 0.0013325487, 0, 182]
[338, 0.00133255, 0, 165]
[365, 0.00133255, 0, 78]
[325, 0.00133255, 0, 130]
[351, 0.00133255, 0, 41]
[430, 0.00133255, 0, 62]
[496, 0.00133255, 0, 30]
[468, 0.00133255, 0, 31]
[267, 0.00133255, 0, 130]
[254, 0.00133255, 0, 100]
[398, 0.00133255, 0, 179]
[465, 0.00133255, 0, 191]
[267, 0.00133255, 0, 14]
[513, 0.78586745, 1, 186]
[242, 0.7858661, 1, 83]
[456, 0.0013325493, 0, 74]
[295, 0.00133255, 0, 30]
[434, 0.00133255, 0, 65]
[270, 0.00133255, 0, 96]
[429, 0.0013323132, 0, 67]
[285, 0.00133255, 0, 164]
[479, 0.00133255, 0, 66]
[226, 0.7858661, 1, 83]
[252, 0.00133255, 0, 53]
[409, 0.0013325155, 0, 123]
[352, 0.00133255, 0, 12]
[461, 0.00133255, 0, 55]
[326, 0.00133255, 0, 42]
[420, 0.0013324535, 0, 142]
[446, 0.00133255, 0, 165]
[311, 0.00133255, 0, 48]
[281, 0.0013313269, 0, 142]
[293, 0.00133255, 0, 129]
[404, 0.00133255, 0, 110]
[336, 0.0013325461, 0, 27]
[342, 0.0013325487, 0, 177]
[500, 0.00133255, 0, 4]
[323, 0.0013311616, 0, 109]
[399, 0.00133255, 0, 55]
[513, 0.78586745, 1, 183]
[315, 0.00133255, 0, 169]
[440, 0.00133255, 0, 88]
[267, 0.00133255, 0, 122]
[311, 0.00133255, 0, 18]
[507, 0.00133255, 0, 92]
[522, 0.00133255, 0, 103]
[381, 0.00133255, 0, 122]
[374, 0.004703446, 0, 132]
[237, 0.00133255, 0, 60]
[472, 0.00133255, 0, 171]
[455, 0.00133255, 0, 1]
[431, 0.0013304398, 0, 10]
[427, 0.00133255, 0, 187]
[338, 0.00133255, 0, 55]
[426, 0.00133255, 0, 54]
[391, 0.00133255, 0, 161]
[227, 0.78586745, 1, 55]
[333, 0.0013304979, 0, 80]
[353, 0.00133255, 0, 77]
[239, 0.0013325493, 0, 128]
[352, 0.00133255, 0, 16]
[481, 0.00133255, 0, 101]
[540, 0.00133255, 0, 39]
[220, 0.00133255, 0, 154]
[381, 0.00133255, 0, 22]
[258, 0.00133255, 0, 189]
[313, 0.001332548, 0, 56]
[432, 0.00133255, 0, 187]
[202, 0.78586745, 1, 169]
[286, 0.00133255, 0, 40]
[282, 0.00133255, 0, 85]
[272, 0.00133255, 0, 72]
[303, 0.00133255, 0, 68]
[428, 0.00133255, 0, 175]
[423, 0.0013325423, 0, 76]
[264, 0.00133255, 0, 18]
[502, 0.0013325487, 0, 139]
[288, 0.00133255, 0, 154]
[242, 0.78586745, 1, 113]
[308, 0.00133255, 0, 157]
[409, 0.0013325155, 0, 14]
[411, 0.00133255, 0, 164]
[272, 0.00133255, 0, 155]
[475, 0.00133255, 0, 150]
[405, 0.00133255, 0, 63]
[226, 0.78586745, 1, 13]
[395, 0.00133255, 0, 73]
[474, 0.00133255, 0, 127]
[254, 0.001332548, 0, 56]
[495, 0.00133255, 0, 155]
[404, 0.00133255, 0, 157]
[459, 0.00133255, 0, 73]
[535, 0.0013323221, 0, 86]
[298, 0.0013323721, 0, 168]
[242, 0.78586745, 1, 133]
[528, 0.00133255, 0, 121]
[312, 0.00133255, 0, 23]
[365, 0.00133255, 0, 122]
[412, 0.0013325474, 0, 174]
[437, 0.00133255, 0, 131]
[335, 0.00133255, 0, 68]
[353, 0.00133255, 0, 101]
[423, 0.00133255, 0, 108]
[249, 0.00133255, 0, 120]
[294, 0.0013325391, 0, 75]
[195, 0.00133255, 0, 129]
[473, 0.00133255, 0, 85]
[327, 0.00133255, 0, 165]
[502, 0.00133255, 0, 48]
[258, 0.00133255, 0, 68]
[263, 0.001332548, 0, 56]
[384, 0.001332548, 0, 153]
[533, 0.001332548, 0, 190]
[317, 0.0013325461, 0, 52]
[467, 0.00133255, 0, 7]
[399, 0.00133255, 0, 12]
[399, 0.00133255, 0, 154]
[266, 0.00133255, 0, 101]
[293, 0.00133255, 0, 155]
[446, 0.00133255, 0, 175]
[302, 0.00133255, 0, 85]
[386, 0.00133255, 0, 96]
[426, 0.00133255, 0, 119]
[263, 0.00133255, 0, 60]
[459, 0.00133255, 0, 185]
[265, 0.00133255, 0, 99]
[294, 0.00133255, 0, 185]
[427, 0.00133255, 0, 140]
[352, 0.00133255, 0, 62]
[391, 0.00133255, 0, 30]
[423, 0.00133255, 0, 163]
[346, 0.0013325423, 0, 118]
[404, 0.00133255, 0, 144]
[248, 0.00133255, 0, 33]
[223, 0.78586745, 1, 43]
[264, 0.00133255, 0, 159]
[254, 0.0013325461, 0, 27]
[347, 0.0013325321, 0, 97]
[252, 0.00133255, 0, 95]
[259, 0.0013323221, 0, 86]
[499, 0.00133255, 0, 39]
[531, 0.00133255, 0, 11]
[427, 0.0013325454, 0, 25]
[456, 0.0013325493, 0, 128]
[310, 0.00133255, 0, 6]
[417, 0.00018705489, 0, 106]
[484, 0.00133255, 0, 60]
[350, 0.00133255, 0, 189]
[381, 0.0013325493, 0, 74]
[197, 0.7858674, 1, 153]
[237, 0.00133255, 0, 103]
[390, 0.00133255, 0, 0]
[312, 0.0013325487, 0, 182]
[256, 0.00133255, 0, 49]
[280, 0.00133255, 0, 68]
[427, 0.00133255, 0, 157]
[423, 0.00133255, 0, 166]
[285, 0.0013311817, 0, 115]
[430, 0.00133255, 0, 120]
[481, 0.00133255, 0, 155]
[202, 0.7858674, 1, 56]
[474, 0.00133255, 0, 42]
[323, 0.00133255, 0, 28]
[326, 0.00133255, 0, 8]
[511, 0.00133255, 0, 155]
[254, 0.00133255, 0, 106]
[484, 0.00133255, 0, 100]
[431, 0.00133255, 0, 112]
[203, 0.78586745, 1, 31]
[256, 0.00133255, 0, 90]
[450, 0.00133255, 0, 70]
[460, 0.00133255, 0, 165]
[533, 0.00133255, 0, 138]
[379, 0.001332409, 0, 136]
[239, 0.001332527, 0, 50]
[428, 0.00133255, 0, 152]
[256, 0.0013325487, 0, 177]
[465, 0.00133255, 0, 11]
[463, 0.00133255, 0, 44]
[242, 0.78586745, 1, 184]
[346, 0.0013323221, 0, 86]
[499, 0.00133255, 0, 11]
[289, 0.0013323221, 0, 86]
[533, 0.001332541, 0, 104]
[525, 0.0013321184, 0, 86]
[459, 0.0013324813, 0, 147]
[288, 0.00133255, 0, 79]
[436, 0.00133255, 0, 103]
[466, 0.0013306761, 0, 37]
[242, 0.78586745, 1, 107]
[405, 0.00133255, 0, 8]
[226, 0.78585976, 1, 168]
[306, 0.00133255, 0, 152]
[264, 0.00133255, 0, 66]
[460, 0.00133255, 0, 39]
[449, 0.00133255, 0, 40]
[303, 0.00133255, 0, 124]
[196, 0.78586745, 1, 127]
[440, 0.00133255, 0, 21]
[353, 0.0013311616, 0, 109]
[467, 0.0013325493, 0, 91]
[215, 0.78586745, 1, 150]
[267, 0.00133255, 0, 138]
[375, 0.7858674, 1, 182]
[471, 0.00133255, 0, 72]
[254, 0.00133255, 0, 57]
[260, 0.0013325417, 0, 176]
[226, 0.78586745, 1, 143]
[427, 0.00133255, 0, 171]
[419, 0.0013325461, 0, 52]
[527, 0.00133255, 0, 9]
[384, 0.00133255, 0, 53]
[282, 0.00133255, 0, 44]
[287, 0.00133255, 0, 20]
[195, 0.00133255, 0, 148]
[339, 0.001271028, 0, 22]
[215, 0.7858661, 1, 83]
[275, 0.00133255, 0, 159]
[294, 0.00133255, 0, 121]
[256, 0.00133255, 0, 94]
[411, 0.00133255, 0, 131]
[465, 0.00133255, 0, 44]
[455, 0.00133255, 0, 159]
[434, 0.00133255, 0, 185]
[351, 0.0013325493, 0, 160]
[303, 0.0013325474, 0, 174]
[533, 0.0013290655, 0, 58]
[455, 0.00133255, 0, 103]
[541, 0.0012867969, 0, 30]
[311, 0.00133255, 0, 13]
[398, 0.0013323132, 0, 67]
[469, 0.0013324984, 0, 35]
[499, 0.00133255, 0, 142]
[439, 0.00133255, 0, 65]
[365, 0.00133255, 0, 138]
[334, 0.00133255, 0, 161]
[411, 0.0013325232, 0, 83]
[390, 0.00133255, 0, 123]
[396, 0.00133255, 0, 99]
[399, 0.00133255, 0, 29]
[242, 0.7857946, 1, 115]
[468, 0.0013325423, 0, 76]
[235, 0.00133255, 0, 64]
[481, 0.00133255, 0, 107]
[441, 0.0013325321, 0, 97]
[400, 0.00133255, 0, 164]
[435, 0.0013325474, 0, 174]
[462, 0.0013311616, 0, 109]
[528, 0.00133255, 0, 78]
[323, 0.00133255, 0, 125]
[356, 0.78586745, 1, 117]
[320, 0.00133255, 0, 64]
[279, 0.0013311616, 0, 109]
[306, 0.00133255, 0, 23]
[254, 0.00133255, 0, 135]
[450, 0.00133255, 0, 154]
[341, 0.00133255, 0, 4]
[406, 0.00133255, 0, 179]
[525, 0.0013323469, 0, 36]
[523, 0.00133255, 0, 48]
[265, 0.00133255, 0, 150]
[211, 0.57682484, 1, 67]
[528, 0.00133255, 0, 92]
[274, 0.00133255, 0, 156]
[467, 0.00133255, 0, 157]
[311, 0.00133255, 0, 134]
[407, 0.00133255, 0, 95]
[398, 0.00133255, 0, 1]
[294, 0.00133255, 0, 22]
[302, 0.00133255, 0, 112]
[225, 0.00133255, 0, 117]
[431, 0.00133255, 0, 28]
[537, 0.00133255, 0, 87]
[408, 0.00133255, 0, 159]
[462, 0.00133255, 0, 112]
[459, 0.00133255, 0, 119]
[430, 0.00133255, 0, 110]
[484, 0.0013324813, 0, 147]
[294, 0.0013325423, 0, 118]
[326, 0.00133255, 0, 107]
[465, 0.00133255, 0, 124]
[338, 0.00133255, 0, 49]
[252, 0.00133255, 0, 77]
[447, 0.0013324813, 0, 147]
[445, 0.0013325467, 0, 174]
[502, 0.0013325454, 0, 25]
[407, 0.00133255, 0, 94]
[429, 0.00133255, 0, 68]
[261, 0.00133255, 0, 51]
[312, 0.00133255, 0, 155]
[329, 0.00133255, 0, 39]
[470, 0.00133255, 0, 162]
[424, 0.00133255, 0, 123]
[324, 0.00133255, 0, 175]
[423, 0.00133255, 0, 183]
[209, 0.78586745, 1, 102]
[322, 0.00133255, 0, 120]
[499, 0.00133255, 0, 64]
[408, 0.00133255, 0, 70]
[297, 0.00133255, 0, 6]
[261, 0.00133255, 0, 154]
[326, 0.00133255, 0, 185]
[332, 0.00133255, 0, 53]
[400, 0.0013323221, 0, 86]
[297, 0.00133255, 0, 106]
[197, 0.78586745, 1, 59]
[336, 0.00133255, 0, 87]
[468, 0.00133255, 0, 29]
[511, 0.00133255, 0, 172]
[313, 0.00133255, 0, 44]
[283, 0.0013324984, 0, 35]
[352, 0.00133255, 0, 43]
[426, 0.00133255, 0, 150]
[407, 0.0013325423, 0, 76]
[393, 0.00133255, 0, 19]
[252, 0.00133255, 0, 161]
[391, 0.00133255, 0, 162]
[321, 0.00133255, 0, 64]
[282, 0.00133255, 0, 42]
[464, 0.00133255, 0, 188]
[204, 0.7858715, 1, 67]
[291, 0.00133255, 0, 66]
[319, 0.00133255, 0, 159]
[448, 0.001332527, 0, 50]
[408, 0.00133255, 0, 131]
[406, 0.00133255, 0, 173]
[340, 0.00133255, 0, 116]
[466, 0.00133255, 0, 167]
[528, 0.001332548, 0, 190]
[419, 0.00133255, 0, 31]
[441, 0.00133255, 0, 54]
[334, 0.00133255, 0, 66]
[457, 0.00133255, 0, 171]
[288, 0.00133255, 0, 155]
[513, 0.78586745, 1, 96]
[396, 0.00133255, 0, 131]
[283, 0.001332548, 0, 153]
[270, 0.00133255, 0, 152]
[495, 0.00133255, 0, 114]
[402, 0.00133255, 0, 68]
[294, 0.00133255, 0, 126]
[476, 0.00133255, 0, 188]
[226, 0.7858674, 1, 80]
[228, 0.00133255, 0, 119]
[285, 0.00133255, 0, 141]
[254, 0.0013311817, 0, 115]
[328, 0.00133255, 0, 11]
[467, 0.00133255, 0, 143]
[342, 0.00133255, 0, 94]
[242, 0.7858674, 1, 177]
[463, 0.00133255, 0, 12]
[452, 0.00133255, 0, 23]
[271, 0.00133255, 0, 30]
[365, 0.00133255, 0, 126]
[408, 0.00133255, 0, 170]
[416, 0.00133255, 0, 7]
[287, 0.0013325417, 0, 176]
[458, 0.00133255, 0, 38]
[265, 0.00133255, 0, 6]
[431, 0.00133255, 0, 43]
[435, 0.00133255, 0, 172]
[205, 0.00133255, 0, 51]
[470, 0.00133255, 0, 6]
[336, 0.00133255, 0, 175]
[320, 0.00133255, 0, 38]
[309, 0.00133255, 0, 11]
[288, 0.0013325487, 0, 182]
[260, 0.00133255, 0, 106]
[254, 0.00133255, 0, 20]
[268, 0.0013325423, 0, 118]
[293, 0.00133255, 0, 5]
[450, 0.00133255, 0, 149]
[517, 0.00018702599, 0, 24]
[430, 0.00133255, 0, 73]
[474, 0.00133255, 0, 122]
[396, 0.00133255, 0, 130]
[457, 0.0013325487, 0, 177]
[390, 0.00133255, 0, 78]
[440, 0.00133255, 0, 84]
[212, 0.78586745, 1, 46]
[484, 0.00133255, 0, 158]
[395, 0.00133255, 0, 36]
[243, 0.78586745, 1, 189]
[450, 0.00133255, 0, 107]
[345, 0.00133255, 0, 39]
[533, 0.00133255, 0, 180]
[265, 0.00133255, 0, 62]
[336, 0.00133255, 0, 170]
[424, 0.00133255, 0, 94]
[399, 0.0013324813, 0, 147]
[215, 0.78586745, 1, 166]
[328, 0.00133255, 0, 179]
[254, 0.00133255, 0, 59]
[419, 0.001332404, 0, 168]
[259, 0.00133255, 0, 165]
[432, 0.00133255, 0, 111]
[351, 0.00133255, 0, 144]
[214, 0.78586745, 1, 28]
[227, 0.78586745, 1, 98]
[363, 0.0013325461, 0, 52]
[381, 0.00133255, 0, 16]
[502, 0.00133255, 0, 6]
[402, 0.00133255, 0, 49]
[462, 0.00133255, 0, 169]
[321, 0.00133255, 0, 30]
[356, 0.78586745, 1, 124]
[285, 0.00133255, 0, 18]
[381, 0.00133255, 0, 42]
[384, 0.00133255, 0, 72]
[466, 0.00133255, 0, 54]
[506, 0.0013325448, 0, 17]
[274, 0.00133255, 0, 40]
[286, 0.00133255, 0, 180]
[242, 0.78586745, 1, 13]
[242, 0.78586745, 1, 9]
[312, 0.00133255, 0, 49]
[226, 0.78586745, 1, 15]
[196, 0.78586745, 1, 94]
[458, 0.00133255, 0, 82]
[401, 0.0013325493, 0, 74]
[288, 0.00133255, 0, 114]
[371, 0.78586704, 1, 75]
[474, 0.00133255, 0, 16]
[297, 0.00133255, 0, 126]
[387, 0.00133255, 0, 122]
[222, 0.6673939, 1, 99]
[285, 0.00133255, 0, 181]
[399, 0.00133255, 0, 63]
[472, 0.00133255, 0, 13]
[241, 0.00133255, 0, 120]
[295, 0.00133255, 0, 9]
[258, 0.00133255, 0, 51]
[356, 0.78586745, 1, 178]
[470, 0.00133255, 0, 110]
[430, 0.0013325391, 0, 75]
[353, 0.00133255, 0, 164]
[312, 0.00133255, 0, 26]
[450, 0.00133255, 0, 29]
[401, 0.00133255, 0, 157]
[408, 0.0013325493, 0, 160]
[194, 0.78586745, 1, 98]
[453, 0.00133255, 0, 68]
[409, 0.0013325155, 0, 43]
[502, 0.00133255, 0, 169]
[202, 0.78586745, 1, 151]
[269, 0.001332548, 0, 190]
[428, 0.00133255, 0, 137]
[473, 0.0013325232, 0, 83]
[310, 0.00133255, 0, 1]
[506, 0.0013325448, 0, 172]
[400, 0.00133255, 0, 53]
[303, 0.0013324984, 0, 35]
[265, 0.00133255, 0, 140]
[432, 0.00133255, 0, 138]
[319, 0.0013325493, 0, 91]
[315, 0.001332541, 0, 104]
[226, 0.7857946, 1, 115]
[372, 0.00133255, 0, 95]
[347, 0.00133255, 0, 150]
[387, 0.0013325423, 0, 118]
[436, 0.00133255, 0, 11]
[400, 0.00133255, 0, 130]
[357, 0.78586745, 1, 130]
[341, 0.0013325493, 0, 128]
[266, 0.001332548, 0, 56]
[502, 0.00133255, 0, 44]
[386, 0.00133255, 0, 116]
[400, 0.00133255, 0, 123]
[390, 0.00133255, 0, 28]
[284, 0.0013315819, 0, 56]
[395, 0.00133255, 0, 68]
[499, 0.0013325232, 0, 83]
[226, 0.78586745, 1, 99]
[402, 0.00133255, 0, 60]
[469, 0.00133255, 0, 28]
[335, 0.00133255, 0, 125]
[352, 0.00133255, 0, 154]
[293, 0.00133255, 0, 71]
[499, 0.00133255, 0, 81]
[373, 0.00133255, 0, 157]
[340, 0.00133255, 0, 180]
[271, 0.00133255, 0, 100]
[337, 0.0013325487, 0, 133]
[269, 0.00133255, 0, 93]
[463, 0.001332404, 0, 168]
[289, 0.00133255, 0, 94]
[308, 0.00133255, 0, 134]
[408, 0.00133255, 0, 66]
[204, 0.78588414, 1, 28]
[337, 0.00133255, 0, 134]
[424, 0.00133255, 0, 82]
[286, 0.0013304398, 0, 10]
[228, 0.00133255, 0, 64]
[301, 0.00133255, 0, 101]
[205, 0.00133255, 0, 120]
[343, 0.00133255, 0, 40]
[423, 0.00133255, 0, 124]
[299, 0.00133255, 0, 70]
[365, 0.00133255, 0, 61]
[258, 0.00133255, 0, 145]
[215, 0.7857946, 1, 115]
[467, 0.00133255, 0, 46]
[452, 0.00133255, 0, 43]
[398, 0.00133255, 0, 13]
[407, 0.00133255, 0, 138]
[313, 0.00133255, 0, 64]
[324, 0.00133255, 0, 163]
[462, 0.00133255, 0, 48]
[499, 0.00133255, 0, 1]
[279, 0.00133255, 0, 166]
[441, 0.00133255, 0, 170]
[449, 0.00133255, 0, 161]
[258, 0.001332548, 0, 56]
[526, 0.0013323221, 0, 86]
[337, 0.0013325493, 0, 91]
[264, 0.00133255, 0, 71]
[426, 0.001332548, 0, 190]
[495, 0.00133255, 0, 5]
[430, 0.00133255, 0, 167]
[475, 0.00133255, 0, 100]
[450, 0.0013304398, 0, 10]
[249, 0.00133255, 0, 21]
[279, 0.00133255, 0, 93]
[399, 0.00133255, 0, 65]
[396, 0.00133255, 0, 31]
[402, 0.00133255, 0, 146]
[340, 0.00133255, 0, 38]
[249, 0.00133255, 0, 73]
[495, 0.00133255, 0, 185]
[383, 0.00133255, 0, 46]
[342, 0.00133255, 0, 150]
[418, 0.00133255, 0, 53]
[534, 0.0011551436, 0, 111]
[295, 0.00133255, 0, 22]
[532, 0.00021973223, 0, 172]
[363, 0.00133255, 0, 28]
[412, 0.00133255, 0, 40]
[423, 0.00133255, 0, 94]
[408, 0.0013325461, 0, 132]
[464, 0.00133255, 0, 8]
[470, 0.00133255, 0, 51]
[264, 0.00133255, 0, 150]
[285, 0.00133255, 0, 87]
[467, 0.00133255, 0, 42]
[347, 0.00133255, 0, 106]
[261, 0.00133255, 0, 4]
[310, 0.00133255, 0, 96]
[377, 0.0013325423, 0, 76]
[341, 0.00133255, 0, 40]
[252, 0.001332409, 0, 136]
[381, 0.0013325493, 0, 91]
[398, 0.00133255, 0, 29]
[251, 0.00133255, 0, 103]
[452, 0.00133255, 0, 187]
[456, 0.00133255, 0, 90]
[197, 0.78586745, 1, 12]
[387, 0.00133255, 0, 33]
[394, 0.00133255, 0, 116]
[416, 0.00133255, 0, 121]
[387, 0.00133255, 0, 152]
[292, 0.00133255, 0, 77]
[539, 0.00133255, 0, 17]
[267, 0.00133255, 0, 38]
[192, 0.78586745, 1, 107]
[476, 0.001332404, 0, 168]
[233, 0.7858674, 1, 177]
[527, 0.00133255, 0, 125]
[427, 0.00133255, 0, 106]
[399, 0.00133255, 0, 102]
[427, 0.00133255, 0, 40]
[224, 0.78586745, 1, 0]
[434, 0.001332548, 0, 153]
[399, 0.00133255, 0, 158]
[267, 0.00133255, 0, 112]
[365, 0.0013325487, 0, 2]
[205, 0.0013304398, 0, 10]
[462, 0.0013325487, 0, 182]
[318, 0.00133255, 0, 124]
[467, 0.00133255, 0, 126]
[248, 0.00133255, 0, 24]
[226, 0.78586745, 1, 157]
[419, 0.00133255, 0, 185]
[323, 0.00133255, 0, 120]
[258, 0.00133255, 0, 11]
[192, 0.78586745, 1, 188]
[356, 0.7858674, 1, 56]
[513, 0.7858673, 1, 52]
[487, 0.7855601, 1, 19]
[435, 0.001332527, 0, 50]
[214, 0.78586745, 1, 38]
[429, 0.00133255, 0, 131]
[363, 0.00133255, 0, 40]
[495, 0.00133255, 0, 24]
[372, 0.00133255, 0, 20]
[398, 0.00133255, 0, 88]
[344, 0.00133255, 0, 164]
[319, 0.00133255, 0, 122]
[294, 0.00133255, 0, 167]
[227, 0.78586745, 1, 179]
[330, 0.00133255, 0, 89]
[274, 0.0013325487, 0, 2]
[352, 0.00133255, 0, 107]
[369, 0.0068534105, 0, 31]
[453, 0.00133255, 0, 45]
[215, 0.7858674, 1, 182]
[294, 0.00133255, 0, 120]
[351, 0.00133255, 0, 42]
[438, 0.00133255, 0, 145]
[274, 0.0013325487, 0, 133]
[426, 0.00133255, 0, 36]
[234, 0.78586745, 1, 149]
[269, 0.00133255, 0, 127]
[288, 0.0013304398, 0, 10]
[464, 0.00133255, 0, 105]
[285, 0.00133255, 0, 78]
[414, 0.0013316484, 0, 148]
[405, 0.00133255, 0, 46]
[287, 0.00133255, 0, 88]
[521, 0.001313084, 0, 104]
[242, 0.78586745, 1, 184]
[294, 0.00133255, 0, 112]
[286, 0.00133255, 0, 94]
[468, 0.00133255, 0, 11]
[519, 0.0012716085, 0, 116]
[463, 0.00133255, 0, 77]
[427, 0.0013324984, 0, 35]
[418, 0.00133255, 0, 125]
[380, 0.0013257046, 0, 179]
[293, 0.00133255, 0, 87]
[441, 0.00133255, 0, 162]
[416, 0.00133255, 0, 23]
[386, 0.00133255, 0, 119]
[398, 0.00133255, 0, 95]
[387, 0.00133255, 0, 39]
[241, 0.0013325493, 0, 74]
[308, 0.00133255, 0, 116]
[282, 0.0013325232, 0, 83]
[335, 0.00133255, 0, 111]
[312, 0.00133255, 0, 165]
[285, 0.0013303757, 0, 47]
[261, 0.00133255, 0, 84]
[233, 0.78586745, 1, 100]
[233, 0.7858674, 1, 182]
[431, 0.001332527, 0, 50]
[301, 0.0013323132, 0, 67]
[312, 0.00133255, 0, 11]
[336, 0.00133255, 0, 36]
[422, 0.001332541, 0, 104]
[334, 0.00133255, 0, 85]
[443, 0.0013325423, 0, 76]
[286, 0.00133255, 0, 6]
[198, 0.7771686, 1, 139]
[293, 0.0013323139, 0, 69]
[422, 0.0013325493, 0, 160]
[353, 0.00133255, 0, 161]
[341, 0.00133255, 0, 12]
[462, 0.00133255, 0, 38]
[294, 0.00133255, 0, 7]
[312, 0.00133255, 0, 164]
[462, 0.00133255, 0, 150]
[482, 0.00133255, 0, 55]
[463, 0.0013290655, 0, 58]
[297, 0.00133255, 0, 105]
[242, 0.78586745, 1, 113]
[448, 0.00133255, 0, 150]
[237, 0.00133255, 0, 84]
[325, 0.00133255, 0, 101]
[308, 0.00133255, 0, 164]
[363, 0.0013325493, 0, 91]
[416, 0.00133255, 0, 124]
[418, 0.0013325232, 0, 83]
[465, 0.00133255, 0, 38]
[430, 0.00133255, 0, 9]
[259, 0.00133255, 0, 145]
[356, 0.78575504, 1, 10]
[416, 0.00133255, 0, 71]
[425, 0.001332527, 0, 50]
[457, 0.00133255, 0, 20]
[427, 0.00133255, 0, 159]
[405, 0.0013325487, 0, 133]
[242, 0.78586745, 1, 5]
[282, 0.00133255, 0, 19]
[301, 0.00133255, 0, 129]
[287, 0.00133255, 0, 29]
[338, 0.00133255, 0, 77]
[400, 0.00133255, 0, 44]
[408, 0.00133255, 0, 144]
[267, 0.0013325461, 0, 132]
[390, 0.0013325423, 0, 76]
[335, 0.00133255, 0, 185]
[434, 0.00133255, 0, 123]
[225, 0.00133255, 0, 124]
[350, 0.00133255, 0, 148]
[509, 0.0068513458, 0, 113]
[201, 0.78586745, 1, 121]
[202, 0.78586745, 1, 131]
[308, 0.00133255, 0, 163]
[404, 0.0013323132, 0, 67]
[285, 0.00133255, 0, 166]
[426, 0.00133255, 0, 20]
[481, 0.00133255, 0, 179]
[484, 0.00133255, 0, 125]
[431, 0.0013325461, 0, 52]
[423, 0.00133255, 0, 61]
[336, 0.0013325423, 0, 118]
[433, 0.00133255, 0, 53]
[279, 0.00133255, 0, 179]
[254, 0.0013325487, 0, 2]
[365, 0.00133255, 0, 32]
[277, 0.001332548, 0, 153]
[297, 0.00133255, 0, 92]
[272, 0.0013303757, 0, 47]
[363, 0.00133255, 0, 135]
[225, 0.0013325232, 0, 83]
[400, 0.00133255, 0, 101]
[460, 0.00133255, 0, 77]
[428, 0.00133255, 0, 81]
[398, 0.00133255, 0, 8]
[539, 0.00133255, 0, 185]
[321, 0.00133255, 0, 38]
[412, 0.00133255, 0, 142]
[283, 0.00133255, 0, 53]
[422, 0.00133255, 0, 24]
[294, 0.00133255, 0, 169]
[423, 0.00133255, 0, 40]
[465, 0.0013324813, 0, 147]
[276, 0.00133255, 0, 114]
[436, 0.0013325454, 0, 25]
[310, 0.00133255, 0, 120]
[387, 0.00133255, 0, 134]
[437, 0.00133255, 0, 180]
[227, 0.78586745, 1, 13]
[261, 0.0013325461, 0, 27]
[465, 0.00133255, 0, 16]
[232, 0.00133255, 0, 63]
[506, 0.0013324046, 0, 136]
[401, 0.00133255, 0, 171]
[275, 0.00133255, 0, 19]
[386, 0.00133255, 0, 145]
[456, 0.00133255, 0, 111]
[418, 0.00133255, 0, 178]
[338, 0.00133255, 0, 48]
[290, 0.00133255, 0, 14]
[482, 0.001332404, 0, 168]
[398, 0.00133255, 0, 184]
[355, 0.78586745, 1, 41]
[260, 0.00133255, 0, 59]
[263, 0.00133255, 0, 155]
[453, 0.001332527, 0, 50]
[264, 0.00133255, 0, 157]
[495, 0.00133255, 0, 13]
[294, 0.00133255, 0, 189]
[382, 0.00133255, 0, 171]
[418, 0.00133255, 0, 101]
[325, 0.00133255, 0, 145]
[474, 0.00133255, 0, 55]
[202, 0.78586745, 1, 158]
[222, 0.0133022275, 0, 50]
[406, 0.00133255, 0, 70]
[530, 0.00133255, 0, 154]
[540, 0.001332527, 0, 50]
[334, 0.00133255, 0, 154]
[254, 0.0013323221, 0, 86]
[459, 0.00133255, 0, 183]
[242, 0.78586745, 1, 39]
[511, 0.00133255, 0, 129]
[287, 0.00133255, 0, 130]
[478, 0.00133255, 0, 55]
[214, 0.7858669, 1, 75]
[226, 0.78586745, 1, 36]
[337, 0.00133255, 0, 0]
[418, 0.00133255, 0, 121]
[372, 0.00133255, 0, 138]
[390, 0.0013323221, 0, 86]
[317, 0.00133255, 0, 49]
[254, 0.00133255, 0, 14]
[466, 0.00133255, 0, 17]
[441, 0.00133255, 0, 62]
[261, 0.00133255, 0, 45]
[387, 0.00133255, 0, 98]
[482, 0.00133255, 0, 0]
[396, 0.0013325493, 0, 74]
[400, 0.00133255, 0, 172]
[297, 0.00133255, 0, 94]
[472, 0.00133255, 0, 48]
[215, 0.78586745, 1, 187]
[324, 0.00133255, 0, 95]
[279, 0.00133255, 0, 42]
[528, 0.00133255, 0, 18]
[480, 0.00133255, 0, 124]
[349, 0.0013325511, 0, 155]
[268, 0.00133255, 0, 150]
[258, 0.0013325423, 0, 76]
[254, 0.00133255, 0, 62]
[313, 0.00133255, 0, 125]
[499, 0.00133255, 0, 29]
[477, 0.00133255, 0, 152]
[347, 0.0013325423, 0, 118]
[398, 0.00133255, 0, 106]
[242, 0.78586745, 1, 164]
[225, 0.0013304398, 0, 10]
[288, 0.00133255, 0, 102]
[209, 0.78585976, 1, 168]
[213, 0.78586745, 1, 105]
[259, 0.001332548, 0, 153]
[406, 0.0013311616, 0, 109]
[256, 0.00133255, 0, 103]
[458, 0.0013325461, 0, 27]
[322, 0.00133255, 0, 189]
[479, 0.00133255, 0, 4]
[329, 0.00133255, 0, 36]
[289, 0.00133255, 0, 162]
[196, 0.78586745, 1, 77]
[420, 0.0013324458, 0, 176]
[252, 0.00133255, 0, 122]
[351, 0.00133255, 0, 72]
[312, 0.00133255, 0, 96]
[387, 0.00133255, 0, 100]
[384, 0.00133255, 0, 8]
[440, 0.00133255, 0, 51]
[372, 0.0013325487, 0, 139]
[343, 0.00133255, 0, 127]
[356, 0.78586745, 1, 140]
[434, 0.00133255, 0, 30]
[315, 0.00133255, 0, 87]
[203, 0.78586745, 1, 82]
[448, 0.00133255, 0, 180]
[453, 0.00133255, 0, 30]
[340, 0.001332527, 0, 50]
[481, 0.00133255, 0, 103]
[337, 0.00133255, 0, 187]
[526, 0.00133255, 0, 152]
[271, 0.0013325321, 0, 97]
[450, 0.00133255, 0, 1]
[313, 0.00133255, 0, 130]
[303, 0.00133255, 0, 188]
[282, 0.00133255, 0, 155]
[326, 0.00133255, 0, 28]
[323, 0.00133255, 0, 0]
[192, 0.7858674, 1, 177]
[277, 0.00133255, 0, 66]
[288, 0.00133255, 0, 64]
[461, 0.001332548, 0, 56]
[390, 0.0013325454, 0, 25]
[424, 0.00133255, 0, 98]
[476, 0.00133255, 0, 1]
[443, 0.00133255, 0, 123]
[431, 0.00133255, 0, 173]
[265, 0.0013323221, 0, 86]
[412, 0.00133255, 0, 110]
[318, 0.00133255, 0, 189]
[299, 0.0013325391, 0, 75]
[228, 0.00133255, 0, 117]
[426, 0.00133255, 0, 5]
[264, 0.0013325487, 0, 133]
[520, 0.0068534105, 0, 31]
[446, 0.0013324984, 0, 35]
[263, 0.00133255, 0, 131]
[418, 0.0013290655, 0, 58]
[434, 0.0013325487, 0, 2]
[465, 0.00133255, 0, 55]
[456, 0.00133255, 0, 129]
[323, 0.0013325487, 0, 182]
[430, 0.00133255, 0, 116]
[220, 0.0013325493, 0, 74]
[230, 0.00133255, 0, 149]
[268, 0.00133255, 0, 175]
[330, 0.00133255, 0, 43]
[393, 0.00133255, 0, 100]
[463, 0.00133255, 0, 43]
[481, 0.00133255, 0, 187]
[314, 0.00133255, 0, 11]
[272, 0.0013325493, 0, 74]
[283, 0.00133255, 0, 165]
[446, 0.00133255, 0, 31]
[262, 0.001332541, 0, 9]
[204, 0.78588355, 1, 75]
[331, 0.00133255, 0, 85]
[427, 0.00133255, 0, 163]
[422, 0.00133255, 0, 68]
[201, 0.78586745, 1, 164]
[328, 0.0013325423, 0, 76]
[390, 0.00133255, 0, 171]
[266, 0.00133255, 0, 44]
[317, 0.00133255, 0, 7]
[363, 0.00133255, 0, 155]
[336, 0.00133255, 0, 14]
[482, 0.00133255, 0, 165]
[459, 0.001332404, 0, 168]
[332, 0.00133255, 0, 68]
[218, 0.026392037, 0, 56]
[251, 0.00133255, 0, 65]
[384, 0.00133255, 0, 110]
[311, 0.0013325423, 0, 118]
[434, 0.0013323132, 0, 67]
[351, 0.0013325461, 0, 132]
[267, 0.00133255, 0, 134]
[314, 0.00133255, 0, 29]
[228, 0.00133255, 0, 12]
[334, 0.00133255, 0, 54]
[419, 0.00133255, 0, 99]
[351, 0.00133255, 0, 119]
[286, 0.0013325454, 0, 25]
[369, 0.0068534072, 0, 116]
[226, 0.78586745, 1, 61]
[259, 0.00133255, 0, 73]
[463, 0.00133255, 0, 144]
[329, 0.00133255, 0, 87]
[531, 0.00133255, 0, 146]
[537, 0.00133255, 0, 125]
[381, 0.00133255, 0, 164]
[395, 0.00133255, 0, 152]
[365, 0.00133255, 0, 151]
[330, 0.00133255, 0, 82]
[254, 0.00133255, 0, 72]
[270, 0.00133255, 0, 101]
[456, 0.00133255, 0, 73]
[311, 0.00133255, 0, 162]
[331, 0.00133255, 0, 185]
[289, 0.00133255, 0, 41]
[387, 0.00133255, 0, 63]
[387, 0.00133255, 0, 55]
[212, 0.78586745, 1, 156]
[419, 0.00133255, 0, 30]
[273, 0.00133255, 0, 68]
[427, 0.00133255, 0, 44]
[465, 0.00133255, 0, 185]
[499, 0.0013325321, 0, 97]
[391, 0.00133255, 0, 7]
[260, 0.00133255, 0, 60]
[504, 0.00133255, 0, 87]
[465, 0.00133255, 0, 7]
[319, 0.00133255, 0, 111]
[242, 0.78586745, 1, 51]
[294, 0.0013325454, 0, 25]
[416, 0.00133255, 0, 55]
[297, 0.00133255, 0, 11]
[403, 0.0013325487, 0, 90]
[293, 0.00133255, 0, 89]
[264, 0.0013303757, 0, 47]
[504, 0.00133255, 0, 119]
[424, 0.00133255, 0, 68]
[347, 0.00133255, 0, 112]
[328, 0.00133255, 0, 127]
[473, 0.00133255, 0, 68]
[418, 0.00133255, 0, 39]
[230, 0.0013325232, 0, 83]
[393, 0.0013325474, 0, 174]
[277, 0.00133255, 0, 51]
[406, 0.00133255, 0, 49]
[533, 0.00133255, 0, 142]
[274, 0.00133255, 0, 162]
[269, 0.00133255, 0, 20]
[297, 0.00133255, 0, 12]
[338, 0.0013324813, 0, 147]
[338, 0.0013325493, 0, 74]
[203, 0.78586745, 1, 85]
[266, 0.00133255, 0, 31]
[440, 0.00133255, 0, 124]
[277, 0.00133255, 0, 55]
[424, 0.0013290655, 0, 58]
[526, 0.001332548, 0, 80]
[252, 0.00133255, 0, 48]
[466, 0.00133255, 0, 162]
[277, 0.00133255, 0, 178]
[267, 0.00133255, 0, 181]
[256, 0.00133255, 0, 32]
[380, 0.0013257046, 0, 22]
[230, 0.00133255, 0, 134]
[314, 0.0013325493, 0, 128]
[537, 0.00133255, 0, 163]
[480, 0.00133255, 0, 84]
[341, 0.00133255, 0, 13]
[267, 0.00133255, 0, 163]
[203, 0.78586745, 1, 121]
[377, 0.00133255, 0, 21]
[416, 0.0013311817, 0, 115]
[481, 0.00133255, 0, 68]
[481, 0.00133255, 0, 126]
[221, 0.78586745, 1, 15]
[404, 0.0013325423, 0, 76]
[309, 0.00133255, 0, 84]
[273, 0.00133255, 0, 72]
[404, 0.00133255, 0, 173]
[243, 0.78586745, 1, 16]
[495, 0.00133255, 0, 39]
[325, 0.00133255, 0, 84]
[254, 0.00133255, 0, 163]
[436, 0.00133255, 0, 22]
[433, 0.00133255, 0, 185]
[337, 0.00133255, 0, 173]
[390, 0.00133255, 0, 70]
[345, 0.00133255, 0, 32]
[439, 0.00133255, 0, 22]
[390, 0.001332548, 0, 56]
[444, 0.00133255, 0, 120]
[387, 0.00133255, 0, 70]
[398, 0.00133255, 0, 111]
[433, 0.00133255, 0, 39]
[437, 0.00133255, 0, 66]
[346, 0.00133255, 0, 169]
[430, 0.0013325461, 0, 27]
[467, 0.00133255, 0, 183]
[303, 0.0013324813, 0, 147]
[483, 0.00133255, 0, 32]
[282, 0.00133255, 0, 39]
[338, 0.00133255, 0, 13]
[390, 0.00133255, 0, 169]
[326, 0.001332409, 0, 136]
[421, 0.00133255, 0, 163]
[483, 0.00133255, 0, 19]
[456, 0.001332404, 0, 168]
[460, 0.0013325493, 0, 91]
[274, 0.00133255, 0, 68]
[400, 0.00133255, 0, 5]
[407, 0.00133255, 0, 29]
[256, 0.0013325423, 0, 118]
[445, 0.001332541, 0, 104]
[277, 0.00133255, 0, 57]
[476, 0.00133255, 0, 119]
[523, 0.0013324813, 0, 147]
[258, 0.00133255, 0, 94]
[279, 0.00133255, 0, 14]
[328, 0.00133255, 0, 94]
[203, 0.78586745, 1, 81]
[353, 0.0013325423, 0, 76]
[206, 0.00018702599, 0, 167]
[314, 0.00133255, 0, 163]
[267, 0.00133255, 0, 148]
[332, 0.00133255, 0, 23]
[275, 0.0013324984, 0, 35]
[504, 0.00133255, 0, 144]
[194, 0.78586745, 1, 31]
[382, 0.00133255, 0, 172]
[212, 0.78586745, 1, 22]
[400, 0.00133255, 0, 8]
[262, 0.001332541, 0, 179]
[467, 0.00133255, 0, 144]
[496, 0.00133255, 0, 163]
[463, 0.00133255, 0, 40]
[272, 0.00133255, 0, 94]
[320, 0.00133255, 0, 82]
[204, 0.785884, 1, 177]
[234, 0.026392085, 0, 152]
[477, 0.00133255, 0, 72]
[365, 0.00133255, 0, 24]
[199, 0.78586745, 1, 62]
[473, 0.00133255, 0, 148]
[411, 0.00133255, 0, 152]
[233, 0.78586745, 1, 12]
[215, 0.7857935, 1, 109]
[391, 0.00133255, 0, 13]
[483, 0.00133255, 0, 55]
[283, 0.00133255, 0, 30]
[460, 0.00133255, 0, 150]
[398, 0.00133255, 0, 40]
[392, 0.0013311817, 0, 115]
[533, 0.00133255, 0, 19]
[265, 0.00133255, 0, 157]
[494, 0.00075341784, 0, 104]
[399, 0.00133255, 0, 144]
[415, 0.00133255, 0, 60]
[325, 0.0013325232, 0, 83]
[495, 0.0013325423, 0, 76]
[391, 0.00133255, 0, 33]
[345, 0.0013325461, 0, 52]
[426, 0.00133255, 0, 95]
[318, 0.0013323221, 0, 86]
[507, 0.00133255, 0, 11]
[470, 0.00133255, 0, 12]
[273, 0.00133255, 0, 46]
[537, 0.00133255, 0, 96]
[365, 0.0013325461, 0, 52]
[302, 0.00133255, 0, 167]
[481, 0.00133255, 0, 170]
[432, 0.00133255, 0, 30]
[228, 0.00133255, 0, 165]
[524, 0.00133255, 0, 179]
[373, 0.00133255, 0, 129]
[448, 0.00133255, 0, 156]
[384, 0.00133255, 0, 186]
[257, 0.00133255, 0, 111]
[311, 0.00133255, 0, 30]
[467, 0.0013311817, 0, 115]
[349, 0.0013323234, 0, 86]
[345, 0.00133255, 0, 165]
[404, 0.00133255, 0, 180]
[399, 0.00133255, 0, 170]
[346, 0.00133255, 0, 87]
[459, 0.00133255, 0, 170]
[434, 0.0013325423, 0, 76]
[513, 0.78586745, 1, 89]
[472, 0.00133255, 0, 11]
[462, 0.00133255, 0, 9]
[408, 0.0013325417, 0, 176]
[427, 0.001332409, 0, 136]
[302, 0.00133255, 0, 144]
[483, 0.00133255, 0, 66]
[397, 0.0013322821, 0, 86]
[481, 0.0013325493, 0, 74]
[499, 0.00133255, 0, 23]
[428, 0.00133255, 0, 163]
[402, 0.0013325232, 0, 83]
[396, 0.0013325417, 0, 176]
[538, 0.0013325461, 0, 116]
[401, 0.00133255, 0, 131]
[384, 0.00133255, 0, 98]
[343, 0.00133255, 0, 48]
[466, 0.00133255, 0, 189]
[381, 0.00133255, 0, 114]
[289, 0.00133255, 0, 87]
[320, 0.00133255, 0, 101]
[287, 0.00133255, 0, 164]
[199, 0.78586745, 1, 82]
[402, 0.00133255, 0, 63]
[203, 0.7858674, 1, 80]
[330, 0.00133255, 0, 175]
[272, 0.00133255, 0, 33]
[282, 0.00133255, 0, 135]
[199, 0.78586, 1, 136]
[340, 0.00133255, 0, 184]
[446, 0.00133255, 0, 124]
[297, 0.00133255, 0, 187]
[482, 0.00133255, 0, 90]
[317, 0.00133255, 0, 184]
[315, 0.00133255, 0, 51]
[312, 0.0013325493, 0, 91]
[338, 0.00133255, 0, 129]
[430, 0.0013324813, 0, 147]
[375, 0.78586745, 1, 146]
[219, 0.78586745, 1, 122]
[476, 0.00133255, 0, 162]
[387, 0.00133255, 0, 21]
[447, 0.00133255, 0, 95]
[230, 0.00133255, 0, 6]
[264, 0.00133255, 0, 178]
[283, 0.00133255, 0, 150]
[457, 0.00133255, 0, 73]
[344, 0.00133255, 0, 32]
[283, 0.00133255, 0, 175]
[455, 0.0013304398, 0, 10]
[452, 0.00133255, 0, 183]
[252, 0.00133255, 0, 38]
[268, 0.00133255, 0, 114]
[226, 0.7858549, 1, 67]
[265, 0.00133255, 0, 48]
[322, 0.00133255, 0, 148]
[264, 0.00133255, 0, 28]
[482, 0.00133255, 0, 125]
[322, 0.00133255, 0, 129]
[353, 0.00133255, 0, 87]
[365, 0.0013323139, 0, 69]
[261, 0.00133255, 0, 134]
[324, 0.00133255, 0, 64]
[313, 0.0013325487, 0, 177]
[306, 0.00133255, 0, 87]
[434, 0.00133255, 0, 70]
[316, 0.0013325423, 0, 76]
[394, 0.00133255, 0, 90]
[363, 0.0013325417, 0, 176]
[274, 0.00133255, 0, 110]
[418, 0.0013325487, 0, 182]
[327, 0.00133255, 0, 26]
[330, 0.00133255, 0, 185]
[456, 0.00133255, 0, 123]
[422, 0.00133255, 0, 141]
[457, 0.00133255, 0, 167]
[465, 0.00133255, 0, 189]
[297, 0.00133255, 0, 72]
[356, 0.78586745, 1, 43]
[299, 0.00133255, 0, 65]
[258, 0.00133255, 0, 183]
[482, 0.0013325487, 0, 177]
[226, 0.78586745, 1, 55]
[328, 0.0013325232, 0, 83]
[401, 0.00133255, 0, 170]
[215, 0.78586745, 1, 42]
[478, 0.00133255, 0, 26]
[416, 0.00133255, 0, 53]
[479, 0.00133255, 0, 54]
[415, 0.00133255, 0, 44]
[436, 0.00133255, 0, 38]
[500, 0.00133255, 0, 106]
[429, 0.00133255, 0, 145]
[203, 0.78586745, 1, 64]
[479, 0.00133255, 0, 101]
[467, 0.00133255, 0, 171]
[434, 0.00133255, 0, 180]
[232, 0.001332527, 0, 50]
[326, 0.00133255, 0, 98]
[455, 0.0013324813, 0, 147]
[279, 0.00133255, 0, 100]
[420, 0.0013324522, 0, 139]
[321, 0.00133255, 0, 48]
[349, 0.0013325511, 0, 135]
[438, 0.00133255, 0, 93]
[446, 0.0013325461, 0, 27]
[341, 0.00133255, 0, 183]
[476, 0.001332548, 0, 56]
[274, 0.00133255, 0, 63]
[530, 0.00133255, 0, 102]
[468, 0.0013325454, 0, 25]
[201, 0.78586745, 1, 108]
[289, 0.00133255, 0, 156]
[458, 0.00133255, 0, 184]
[478, 0.00133255, 0, 62]
[476, 0.0013325493, 0, 74]
[394, 0.00133255, 0, 150]
[504, 0.00133255, 0, 165]
[448, 0.00133255, 0, 130]
[209, 0.78586745, 1, 42]
[389, 0.00133255, 0, 121]
[433, 0.00133255, 0, 55]
[264, 0.00133255, 0, 99]
[470, 0.00133255, 0, 14]
[431, 0.00133255, 0, 68]
[528, 0.00133255, 0, 16]
[323, 0.0013311817, 0, 115]
[419, 0.00133255, 0, 124]
[408, 0.00133255, 0, 17]
[220, 0.0013325461, 0, 52]
[303, 0.00133255, 0, 159]
[363, 0.0013325487, 0, 177]
[418, 0.0013323221, 0, 86]
[410, 0.00133255, 0, 60]
[435, 0.0013325321, 0, 97]
[320, 0.0013325493, 0, 128]
[217, 0.78586745, 1, 40]
[496, 0.00133255, 0, 125]
[363, 0.0013323132, 0, 67]
[226, 0.78586745, 1, 137]
[306, 0.00133255, 0, 127]
[373, 0.00133255, 0, 187]
[241, 0.00133255, 0, 102]
[291, 0.00133255, 0, 32]
[465, 0.00133255, 0, 144]
[346, 0.00133255, 0, 22]
[337, 0.00133255, 0, 101]
[478, 0.00133255, 0, 102]
[205, 0.00133255, 0, 68]
[325, 0.00133255, 0, 28]
[540, 0.00133255, 0, 17]
[412, 0.0013325493, 0, 91]
[257, 0.00133255, 0, 175]
[234, 0.78586745, 1, 7]
[331, 0.00133255, 0, 175]
[237, 0.00133255, 0, 95]
[228, 0.00133255, 0, 127]
[419, 0.00133255, 0, 81]
[264, 0.00133255, 0, 123]
[254, 0.00133255, 0, 96]
[440, 0.001332409, 0, 136]
[405, 0.00133255, 0, 42]
[294, 0.0013325423, 0, 76]
[306, 0.0013290655, 0, 58]
[396, 0.00133255, 0, 120]
[220, 0.00133255, 0, 22]
[341, 0.00133255, 0, 155]
[203, 0.78586745, 1, 189]
[289, 0.00133255, 0, 34]
[462, 0.00133255, 0, 189]
[418, 0.00133255, 0, 77]
[472, 0.00133255, 0, 152]
[242, 0.78586745, 1, 38]
[312, 0.00133255, 0, 129]
[504, 0.00133255, 0, 127]
[408, 0.00133255, 0, 187]
[528, 0.00133255, 0, 64]
[381, 0.001332548, 0, 190]
[450, 0.0013325461, 0, 27]
[459, 0.0013325493, 0, 128]
[303, 0.00133255, 0, 145]
[307, 0.00133255, 0, 172]
[266, 0.00133255, 0, 162]
[315, 0.00133255, 0, 81]
[269, 0.00133255, 0, 156]
[484, 0.0013311817, 0, 115]
[445, 0.00133255, 0, 145]
[425, 0.00133255, 0, 146]
[391, 0.00133255, 0, 14]
[198, 0.7770493, 1, 47]
[331, 0.00133255, 0, 161]
[483, 0.00133255, 0, 107]
[469, 0.00133255, 0, 72]
[396, 0.00133255, 0, 116]
[408, 0.00133255, 0, 68]
[312, 0.0013306761, 0, 37]
[440, 0.00133255, 0, 131]
[365, 0.00133255, 0, 142]
[449, 0.00133255, 0, 90]
[196, 0.78586745, 1, 185]
[341, 0.00133255, 0, 24]
[400, 0.00133255, 0, 7]
[284, 0.0013315831, 0, 171]
[307, 0.00133255, 0, 36]
[357, 0.78586745, 1, 17]
[404, 0.0013325461, 0, 132]
[350, 0.0013325232, 0, 83]
[437, 0.00133255, 0, 113]
[447, 0.00133255, 0, 121]
[271, 0.001332548, 0, 56]
[436, 0.00133255, 0, 28]
[304, 0.00133255, 0, 32]
[197, 0.7858674, 1, 174]
[441, 0.00133255, 0, 171]
[351, 0.0013325487, 0, 2]
[388, 0.00133255, 0, 54]
[312, 0.0013325493, 0, 91]
[450, 0.00133255, 0, 130]
[533, 0.0013325474, 0, 174]
[435, 0.0013325493, 0, 91]
[353, 0.0013304398, 0, 10]
[215, 0.78586745, 1, 159]
[387, 0.0013325493, 0, 128]
[252, 0.00133255, 0, 159]
[252, 0.00133255, 0, 30]
[390, 0.00133255, 0, 119]
[380, 0.0013257046, 0, 185]
[408, 0.00133255, 0, 54]
[282, 0.00133255, 0, 114]
[280, 0.00133255, 0, 181]
[315, 0.00133255, 0, 85]
[341, 0.00133255, 0, 82]
[356, 0.78586745, 1, 107]
[319, 0.00133255, 0, 62]
[315, 0.00133255, 0, 42]
[335, 0.0013325493, 0, 128]
[476, 0.0013325454, 0, 25]
[455, 0.00133255, 0, 22]
[192, 0.78586745, 1, 165]
[261, 0.00133255, 0, 30]
[401, 0.00133255, 0, 158]
[447, 0.00133255, 0, 20]
[294, 0.00133255, 0, 65]
[369, 0.0068534105, 0, 146]
[320, 0.0013323221, 0, 86]
[272, 0.00133255, 0, 44]
[424, 0.00133255, 0, 38]
[259, 0.00133255, 0, 152]
[225, 0.00133255, 0, 88]
[430, 0.00133255, 0, 42]
[463, 0.00133255, 0, 125]
[402, 0.00133255, 0, 181]
[391, 0.00133255, 0, 103]
[398, 0.00133255, 0, 63]
[387, 0.00133255, 0, 121]
[465, 0.00133255, 0, 103]
[265, 0.001332548, 0, 56]
[265, 0.001332548, 0, 80]
[424, 0.00133255, 0, 19]
[318, 0.00133255, 0, 84]
[436, 0.00133255, 0, 155]
[400, 0.00133255, 0, 100]
[471, 0.00133255, 0, 13]
[258, 0.0013325461, 0, 132]
[333, 0.0013305005, 0, 48]
[446, 0.0013325487, 0, 133]
[401, 0.00133255, 0, 167]
[391, 0.00133255, 0, 137]
[283, 0.00133255, 0, 158]
[207, 0.0010188905, 0, 189]
[225, 0.21367636, 1, 122]
[204, 0.78588414, 1, 59]
[289, 0.00133255, 0, 164]
[427, 0.00133255, 0, 11]
[334, 0.0013325232, 0, 83]
[192, 0.78586745, 1, 1]
[203, 0.78586745, 1, 17]
[381, 0.0013306761, 0, 37]
[311, 0.0013304398, 0, 10]
[399, 0.00133255, 0, 142]
[201, 0.78586745, 1, 156]
[466, 0.00133255, 0, 12]
[312, 0.00133255, 0, 90]
[327, 0.00133255, 0, 98]
[430, 0.00133255, 0, 119]
[504, 0.0013325423, 0, 76]
[471, 0.0013323132, 0, 67]
[332, 0.00133255, 0, 150]
[452, 0.00133255, 0, 36]
[502, 0.00133255, 0, 28]
[314, 0.00133255, 0, 171]
[215, 0.78586745, 1, 113]
[280, 0.00133255, 0, 157]
[319, 0.00133255, 0, 144]
[226, 0.78586745, 1, 140]
[293, 0.001332548, 0, 56]
[424, 0.00133255, 0, 40]
[455, 0.00133255, 0, 36]
[457, 0.00133255, 0, 163]
[259, 0.00133255, 0, 68]
[286, 0.001332527, 0, 50]
[309, 0.0013325493, 0, 128]
[332, 0.0013325461, 0, 52]
[347, 0.00133255, 0, 103]
[307, 0.00133255, 0, 159]
[398, 0.00133255, 0, 155]
[313, 0.00133255, 0, 84]
[309, 0.00133255, 0, 189]
[328, 0.00133255, 0, 9]
[425, 0.00133255, 0, 106]
[351, 0.00133255, 0, 127]
